890545
534887
768675
511102
376722
543288
719001
77422
463851
611768
576055
218180
348214
408795
530
331726
547704
907252
459322
619264
1408
81839
775440
88272
824299
435903
271204
619278
503042
935426
529949
472394
242493
254936
598772
199673
906332
851179
604550
981804
326013
448692
967359
624398
871011
683851
465116
654228
461777
716698
731717
831533
387522
780454
502551
70120
411097
299072
199364
609756
658725
405680
453002
459136
616655
282110
199126
570129
196895
313583
362876
917095
105403
699283
465916
320747
529577
442906
37645
879826
348514
706642
205506
321422
789173
229078
947317
774660
790029
592008
834082
377116
387076
863277
482111
701441
635990
365558
759274
852905
451209
629526
705750
248840
607445
503510
851103
270605
128420
56248
800615
73052
472373
137329
488895
696499
511421
143052
845464
902986
625616
944498
228954
924995
83653
447717
938316
958091
2874
46488
611568
801527
17456
254846
410291
26830
694779
161910
562992
150960
414003
401581
222169
314716
113842
184875
925224
691720
627513
909317
435476
132839
939313
322894
30998
493137
734202
258779
877045
374160
782282
342610
74218
676296
406778
576800
592263
307711
73518
35863
251952
130142
812228
85970
320357
882352
78787
866539
920456
819703
438046
704257
471491
45818
310891
401503
632698
162273
59848
244269
179009
892652
739092
393297
909354
9217
541093
712625
996515
888829
586511
60
381900
379632
976776
78881
523135
664038
824415
999706
975292
991920
112270
884153
941065
130225
310470
705070
421912
911926
937907
266618
787397
830378
85570
183473
241071
484897
388481
574546
3912
511775
113026
538007
772808
853735
304850
669521
337104
503614
676724
359272
686789
345829
252656
268421
285119
631575
439033
816808
917360
316717
716748
216544
38324
156980
962210
112467
330217
746159
96822
413834
804343
360439
986806
756759
819305
645628
253834
803209
362227
593884
567170
192884
21114
940589
342183
106865
579894
312759
118331
637050
195332
688914
490249
113503
823134
484095
933623
776049
778377
563897
705060
741660
301431
37596
879697
53024
885134
328374
404792
431360
562678
555833
399048
282854
209426
961356
301876
83079
410501
193937
687490
995106
49596
727110
762167
282298
406000
906895
883004
418675
474810
655623
60070
184395
181898
648795
753772
371559
573380
440798
303605
26246
291253
913210
116944
810339
154417
331736
447850
276282
842001
142311
755873
859385
232782
310644
130177
114001
237424
188756
558878
269735
237765
424435
556621
543452
80365
317403
282302
188647
163032
737727
728956
156180
597253
822095
537459
197474
682781
679638
964172
620985
511343
526201
28128
961928
93152
725357
238835
384053
157500
212622
910154
802483
188737
71815
331234
570574
692599
309948
247124
564851
83115
646628
358192
824885
230990
849083
790274
135276
422565
945043
365394
572080
643494
478112
444891
390212
618874
605274
982329
672471
333210
844792
839170
999514
597546
384687
345506
903697
280937
672028
706106
732966
138155
690038
921482
830134
295724
385420
571731
106447
694683
699056
501303
935689
358202
430113
963280
622231
115247
159381
587710
689760
68390
100929
81001
243626
698693
897914
616861
662569
292017
578651
373134
620438
117368
658799
485402
832020
479401
176139
886573
18898
174748
704848
172587
454652
615265
306412
442466
744847
907968
816223
275050
224067
276977
779422
403073
613824
819225
819087
308214
482456
252091
722388
403539
860066
210149
140322
248162
317301
976209
155255
9015
990689
125001
31154
435837
957024
910819
982378
618948
9215
944684
262409
148362
681935
214786
551669
9921
388483
758675
726797
831476
561946
564777
533875
18921
140842
378286
110354
430146
820789
49023
724913
687995
732940
530769
585777
292164
714927
441635
997454
731290
637000
273935
940428
901042
296275
82896
390169
13537
672348
71357
559410
821199
296208
313463
165356
841586
31076
432152
192392
601616
448483
926191
157681
815557
249808
842293
456020
988431
947779
734861
395507
428621
73216
757986
821425
580124
529928
949022
10365
633174
965654
208884
399718
23186
368221
905951
808215
197809
435361
705321
312527
109950
272398
994067
556743
414705
91660
586807
914163
684378
792138
10144
167637
277820
375666
149288
61941
669667
391441
281042
488250
952348
778031
729126
79663
155013
378859
681297
651363
17376
382654
747471
980458
780079
136895
912680
345087
416451
495480
107345
75857
45310
647894
418040
694475
703483
505518
518548
37330
896341
138566
102018
109146
444058
28813
74668
948689
582520
63777
880470
298878
201402
632074
292294
30893
442757
662850
419526
90918
777625
18407
775730
235094
309440
203394
481791
966387
559715
462105
473126
195865
433311
734676
526300
820047
642959
826010
413765
891361
868251
835867
565507
875996
331289
845245
928399
451120
492958
452744
498797
534703
325965
35721
541871
912167
24953
197085
762326
702363
59645
145038
25562
385310
720514
494398
750511
286981
646382
221129
318132
221742
307596
174275
985921
876773
552255
449892
76880
663279
155048
255270
953565
114470
229125
326791
985233
202038
434714
932504
320517
94828
36133
573401
442169
79116
377682
622035
477714
631666
168169
228647
593610
772146
504653
745222
402125
615918
101990
427919
736652
643769
765340
903519
546370
215130
620159
292563
64670
21672
536932
797023
249806
785539
52433
843137
820448
439828
758751
507682
245948
785518
75002
537981
30582
398601
572651
800595
461916
17212
781135
994080
980990
540381
998977
764597
487770
241419
664763
462531
9706
338444
630390
676551
448209
513275
709114
621260
159432
785052
353119
80313
181387
661803
119028
693483
321117
826117
883564
560526
300415
908590
571835
136615
535614
907300
692202
12616
892133
197832
826564
105145
573208
717493
443147
493690
292931
192027
901028
393424
554180
627706
152799
523329
520002
73084
731589
858633
439963
130052
461084
567412
629435
973364
544661
80333
174906
963705
517002
36682
409029
497819
583726
405989
399449
487053
882608
496950
321803
807088
866704
990879
536006
627508
467408
92210
66257
266381
788794
444385
171894
130744
400230
785407
291819
135623
289229
655657
5924
721311
240642
915785
838366
439315
596366
930463
660096
406520
797223
359297
125614
634314
851079
776126
187606
997838
835075
598458
94351
682994
176571
462336
202569
166258
445693
477023
218438
969012
760287
319512
957845
509591
445702
991658
540769
924839
643468
740893
726114
543025
261164
822117
605461
868893
53827
298661
433023
112045
955512
990335
310632
90034
412604
354866
566041
131033
160780
119686
232681
8365
374130
653951
321591
621823
730193
568441
80958
358487
115957
1623
694310
626217
474173
478740
300030
950586
909592
782947
527917
662328
810427
283362
465528
137658
753754
411449
786446
67931
65636
387509
807642
88321
836652
523198
539673
377621
329032
161245
978246
602814
639976
598026
802307
523518
564720
792442
628422
965383
659087
138721
139624
345832
535497
316694
884030
504441
538012
38074
627125
722253
433275
964297
632666
590315
664447
367907
311746
582490
275809
400916
680068
689914
499785
949281
901150
576345
922863
683474
587731
958176
362231
295365
108907
741440
873746
819952
839229
216229
645072
390228
879881
544714
170732
332113
723898
405505
73656
680398
399115
601739
3837
482636
464902
167796
937485
150965
689980
293133
103082
766763
202422
434380
472541
165532
940569
484421
190314
948310
454965
642190
499018
122488
888887
955870
192892
218056
406670
435321
183776
668069
663563
67579
452222
915226
872449
434876
116897
513097
894606
26716
144500
668026
819732
204615
622125
666859
81855
396084
854340
842989
501934
286237
168878
797631
852725
369589
552215
600077
552463
759766
530857
746724
363796
741486
677014
905757
2042
979512
440361
101936
133438
544685
736934
218106
262173
893486
209688
520572
135138
397879
646814
771627
358429
831514
226216
894134
180615
773447
84764
740925
248467
824091
15529
62965
396809
25331
620240
577430
440421
465321
955109
525853
192871
997156
491648
929500
751666
14707
880058
328294
273452
838456
362488
528761
339321
643858
601076
499034
120446
155183
81590
476113
365518
559348
689642
344664
53324
545755
738578
893354
359397
33920
105292
441663
539976
314470
356072
421518
187362
83849
202633
234366
714308
302861
123069
63572
150278
528704
52007
880184
960452
610619
495986
844672
335449
262605
20175
668389
259702
863478
326251
342215
546209
542356
238892
510776
671574
721786
292500
987646
650905
1571
334904
737106
950024
521068
375147
566145
305054
396077
590884
38671
692613
730615
459126
732384
860838
570998
134426
463223
676607
817457
515550
112259
311489
728575
37428
873881
554695
180507
468367
236310
339597
543677
559041
673270
482114
51706
927792
4595
367776
782163
72668
684324
872369
313128
318118
512002
758756
912970
562016
902983
845330
227307
480320
611734
113922
934970
382588
792199
166683
357074
982271
880450
673104
764200
38457
322636
380654
402983
521197
799358
657396
682257
839647
723914
48802
528699
844756
907618
486625
437752
763047
385562
997860
780662
102323
962542
603269
71195
389327
294920
972510
394484
322079
994084
650588
362659
933155
112035
486012
836671
224256
955089
38040
564978
204613
116525
825314
297305
672258
205795
497159
774537
595304
514061
779399
196791
921548
289046
307841
585362
943487
761972
908682
864794
921618
122120
841639
681152
73997
768318
512976
596320
192777
835585
231641
598108
720630
634855
976938
760534
816364
619766
82201
298
951389
770718
19202
832093
7280
287343
171601
816455
455238
665270
724018
594002
140807
115941
299861
762850
376682
52451
486910
990737
748055
499652
371544
46767
490455
116379
279612
744359
98811
638576
847455
59728
38464
587049
459790
880691
424835
454619
48881
143862
586401
78397
121758
156538
287337
318495
814671
457277
786891
670183
502351
591348
865877
323799
179631
975354
664436
779750
470658
346809
614864
764410
812069
67329
352772
843517
684604
567716
669526
200595
891294
999225
949281
939683
502495
246339
366633
765694
437639
589500
817851
27473
654265
555058
989603
381735
511432
95076
941742
369658
847801
342028
347845
444511
857007
772161
557316
467297
375239
257993
998828
104277
239880
31302
6656
75978
740253
595353
398551
31743
9845
759675
704131
785807
481673
619288
422580
694882
579473
69817
662663
88003
512603
598591
938634
932033
924186
360091
570208
294634
221982
688827
740703
17970
893002
245021
570548
757513
521436
845269
686138
513332
274381
276295
145031
732751
636050
437537
38840
244755
475752
969617
699079
135480
758883
8996
647946
776363
296654
816019
37437
62960
351529
107116
499587
692857
198915
365808
624303
935275
19466
143459
172442
23536
823032
171393
672012
672465
285842
642367
452585
544395
799146
713474
802066
305880
914494
635214
430030
569018
406490
809905
668906
834927
966351
214468
662709
400064
55656
934374
928581
868096
409526
555623
513831
408612
633016
42088
990286
200657
329377
623476
230936
785900
766464
66959
28273
781156
378013
424072
376522
363802
469018
844513
958284
775199
193689
430991
547040
272149
264531
946954
269930
395812
879636
937513
313241
198501
602436
531572
105388
677596
633103
83470
589298
326081
421713
1768
974862
791614
569600
303109
697495
456194
390254
277601
551292
415600
686567
971406
974297
908423
492053
5908
741550
353688
552356
358793
634858
890906
623072
660180
582474
42284
561156
397810
176562
998875
636767
321841
411142
820965
143994
79525
588460
255101
49319
509225
482647
184252
834187
977281
667579
59758
48921
907921
777017
605589
676558
123267
656942
136362
440394
307467
540450
97599
417775
812685
995118
382844
201480
330510
96804
487682
442567
473683
584187
868052
51542
950372
808529
427315
665584
947699
989796
581658
748059
146077
618894
632962
208391
723101
495796
51327
941209
361670
516812
504379
204910
233021
8824
947466
258772
934899
60639
441557
465459
184573
563990
576460
685288
404192
481146
875013
747002
157591
274206
482100
992130
241532
580797
859679
276478
368418
659911
536802
650513
712158
498962
126297
585853
775004
696791
702728
269309
813215
244640
467632
564117
997520
737206
320921
490026
628736
547790
946924
756588
843330
563548
490917
75899
731518
648840
371022
487333
942946
631089
283574
984183
879987
704205
328826
335623
857952
494327
415352
622305
69459
891679
511810
412907
60585
580495
532136
148075
28498
762189
699142
873869
759127
287709
200797
296649
201962
760892
932066
382509
908292
866444
234719
975193
991519
765969
533868
702556
984224
281513
295102
491552
292481
387789
769945
819812
977018
240964
215224
509969
458023
145326
265213
884378
759265
168960
708444
247239
606919
730216
217027
391133
411901
375099
910872
552369
405480
622303
577533
659562
337903
568798
283124
584997
358090
638116
59333
491551
867236
139924
7
245854
636782
812861
451206
82124
891407
649731
30787
814841
47443
309917
17282
602863
281657
284130
826752
595698
737195
257743
113705
416325
215831
187483
976768
723802
4388
605351
113567
894565
265115
949778
148297
471824
161864
105656
227900
537228
43607
115251
967924
624371
804241
989453
816558
912531
660789
915111
295191
382606
681250
908455
204125
355212
833756
471696
706755
959490
739354
294943
998526
793139
775995
738165
991056
224188
29712
232970
505251
736506
523771
630300
740805
758041
435188
881079
43007
671214
112823
759374
111668
956569
424447
325816
659619
888608
26806
367351
511951
821579
711977
729400
339177
99263
287481
207935
39941
56025
921777
567065
461032
220264
573112
327717
475344
449455
690328
735111
937964
592099
500409
293372
810333
172177
288771
644033
174408
201315
366703
52072
138482
14481
342900
437272
220345
147367
948573
574673
285593
341651
809290
481371
168175
546758
810186
310839
682631
736648
915871
602951
192585
405623
831883
622304
554512
542797
554990
382216
479531
504343
993852
557729
562389
949375
203917
416249
289835
893987
525580
422154
437722
87267
897055
34259
598175
629893
508384
90601
441119
335607
572249
82609
310116
65655
284124
194120
228457
756566
538975
670365
258427
205105
844894
225307
709751
381881
588502
13733
365186
330373
623763
282946
598754
606456
856464
751716
354318
261138
932502
768848
569741
338715
135890
862396
449419
324620
232479
428029
882807
335996
977252
656153
543219
202684
296081
439696
748146
484256
920523
185506
120952
592987
931062
931809
232260
240930
133076
168157
505661
577993
674016
998156
375824
218921
465828
303065
163259
917432
487018
937915
944096
363486
186097
16976
323418
265667
519998
379782
909816
237072
305275
44332
500988
653366
578686
804786
767835
527188
534607
402244
327286
685703
596338
809025
6845
691981
699642
284116
90436
845612
299617
60172
137455
15386
396177
948002
699869
256291
369510
385039
639933
134926
962372
164593
885335
211781
3789
898319
754563
108692
20191
192049
906952
391544
553950
483282
43958
327140
830407
762805
916521
559889
778173
381145
605161
869498
898423
598230
362644
156010
579782
891632
805110
16810
409269
290913
427014
601102
726236
125911
485927
307690
497620
198264
955226
995891
844560
161248
697336
488686
180148
532605
853677
564587
110037
729401
711979
137472
851628
404175
138769
80275
330759
199154
47505
506668
754857
602002
826399
705963
632896
938961
561235
475529
632449
946022
892255
985388
545796
51911
106616
628349
508292
270138
779454
773482
900674
708469
444445
573846
191375
399953
216893
998649
752355
792768
55102
665107
50421
269199
21101
175209
310938
174478
627565
69359
951596
422760
712411
243990
448521
547700
27269
906353
877086
966459
22379
580900
363251
24837
916476
767872
17278
709122
160302
765621
81901
683354
590820
806302
288574
544904
828926
602903
596598
699311
176883
820732
751515
862116
412685
1785
757016
230401
120481
863808
123725
721984
586355
530453
845022
816359
837292
894626
647376
546274
91831
782762
170683
792772
339810
562750
781295
101162
620281
440034
532487
638321
131221
168808
48677
132434
777993
136498
440719
701551
228394
299216
222269
569649
644026
811453
929845
606270
407505
73573
589993
421342
545064
491411
531855
276137
179944
196068
533731
173756
865598
881784
439526
962392
592430
805257
792625
74930
1331
940810
455710
460620
918244
762883
374303
459498
308857
332290
756054
782312
338526
382533
561791
722328
549477
207810
479421
632200
935724
405120
394485
77280
911661
670734
170598
610653
521296
161665
536177
891769
721704
429199
319880
691432
704436
839667
6465
24082
472577
312625
335458
731430
478070
372573
995383
101340
220323
245712
956183
596240
962723
59029
720969
338040
1486
756444
446613
195260
180336
49394
858762
185467
572125
149084
249352
949988
501775
396487
708049
610954
858630
959031
430328
821461
493404
392979
767238
360405
414113
805749
456655
324
998264
876742
550561
877360
96923
462527
421205
885703
86319
71158
71108
813806
845751
396338
838318
420766
855279
85141
560966
934028
619565
176468
683427
607096
699439
681938
807150
655582
939060
526748
567314
678959
292984
712877
303015
787612
88178
648172
117293
62810
856481
76132
765451
220013
384754
494918
958312
130229
911680
529845
814007
668822
182654
531929
842445
50234
295997
476381
192969
927173
527547
56721
160941
172757
532966
915659
365005
981780
11646
38981
470652
745068
535876
918117
399992
126896
574699
480249
630601
496155
924743
861755
634018
8439
786463
865316
801023
110771
387817
853201
647743
212026
277678
637945
543433
839572
671794
817929
214441
496216
770547
64752
226897
637064
174270
893445
661281
857139
32236
482637
564740
675006
64661
487693
746258
132454
441351
723152
836105
832862
190068
121174
764323
297654
616697
393819
727689
325485
753947
960206
934392
802030
715545
610765
428448
621694
647217
901627
457491
665096
489344
683607
5659
997224
666512
381121
431951
185896
261910
316490
309996
672311
662078
763990
254773
838042
28840
717671
650083
593634
643834
437744
472426
683035
474830
420110
479847
92419
79765
754550
802081
934909
629881
124321
206573
469459
738688
206622
416888
996466
243093
213151
396460
532395
748896
993962
920255
255432
775422
477331
569451
827624
776321
702748
941442
332922
788741
63587
242898
301217
409331
381694
202555
413001
959633
493422
449477
722165
937577
793967
338582
910286
882426
796738
365571
139786
923006
917709
907062
908350
925006
338848
608284
113223
946645
56294
872221
71158
235680
491002
475294
129224
983534
929885
494514
160531
95361
821691
709045
518839
446505
30752
95915
673165
510080
803813
147471
24830
440944
412443
746719
509914
791906
763890
592584
668454
697865
811061
965889
223384
149905
351620
454589
601190
831830
447400
190888
142780
98780
699477
27079
840883
378357
952184
816398
634382
165879
610777
756886
15350
173791
930678
533036
120592
870863
433938
660994
323040
962602
145505
448844
275127
696008
643295
622842
437200
80706
377087
76976
6099
203150
453722
724097
49447
403917
883060
332809
989950
167901
71936
810767
596855
997363
90345
200382
298932
995027
932109
794969
74313
539853
392177
903349
683418
932565
715053
969254
432976
383615
404890
485039
541892
324061
366284
214537
977874
702571
800274
78605
341198
398065
254301
669909
920749
564504
879850
473685
682731
19072
635045
659955
796095
222395
23115
953175
721183
334246
542492
675890
100508
869276
60301
556740
293401
231519
858559
613627
874921
530672
971555
83377
537304
166732
4357
10299
914569
620144
775380
903529
216910
688127
528860
550727
877735
286809
509140
203254
721425
924501
161801
989774
223071
874722
97149
88005
987866
89264
23223
300885
250151
731268
905613
623416
194120
387771
466012
180475
137692
198586
872867
5859
261270
229739
915155
244427
395493
551881
174631
291639
825696
915318
604258
764078
281649
614389
49130
885009
635701
989803
884124
512185
138381
514283
126196
862599
104637
384037
679586
417406
487634
255233
881276
53205
21237
678504
886545
141884
985739
846785
606999
562789
830961
908885
836530
341239
461101
452028
144079
48702
208397
40846
58231
316904
143148
351649
34005
569067
443752
468511
27237
596334
5358
839085
139116
910239
15757
753490
280311
823222
587019
463877
700123
441668
971716
413199
299777
129680
881240
320571
903470
602037
998750
85943
260438
117312
7922
269628
968554
367000
831493
442177
994051
177441
859291
517636
877899
218560
70524
859224
237043
466642
907532
692313
438863
121169
759117
762844
584623
909817
466500
400143
530526
213272
817333
680533
636082
695308
718856
841768
145144
599764
647604
640932
6929
591492
874104
509638
718779
991970
640535
582530
483882
248373
34333
924246
661633
455338
518834
833327
565696
937364
557224
240000
38101
16236
337169
22091
681455
729078
303414
611455
588851
539405
488508
796133
81060
576224
312849
722134
656955
664535
490623
578164
619787
114155
817672
427992
253332
560357
272838
450129
155585
762213
828811
482163
438693
552888
99945
357660
167790
841481
940790
930090
828183
35389
256790
255776
151345
90473
397398
266250
404840
309542
469276
326583
126846
574878
622171
707074
189403
922131
760791
896823
763271
47915
746100
114403
620845
772250
749575
161531
366352
838804
632879
742255
858620
696229
932630
802262
417546
742858
43669
805002
615695
476570
609259
734145
468737
211956
50423
547438
345050
903658
558199
482668
868288
24273
582864
734459
940522
655107
347235
817322
113930
802055
180104
11028
440065
704398
706181
858560
945806
747285
498471
537321
161546
777493
941404
129714
759070
324563
110127
331699
65758
97526
265376
790264
718138
783848
663421
822878
571436
48092
719691
360461
984143
430709
347149
436430
907518
385715
36982
144976
164534
220972
403197
277526
988885
254244
197692
34007
189222
110219
408173
47577
75228
574896
888384
724065
901275
962911
692825
749126
391958
113043
630657
188354
945438
161698
284627
957980
869463
903393
742950
815337
966789
370270
947202
243295
938792
67885
329089
897917
907677
946212
527884
369451
661482
840664
713064
504512
852322
97455
434066
299557
983490
573254
250342
24499
126532
491503
360525
669246
81404
735670
702029
376357
433219
157933
482501
566045
809478
612880
374077
121559
48403
124163
7706
219957
583476
76919
173940
172755
218925
609251
359084
56928
546451
377938
727304
935068
248347
297510
836726
893093
984287
369286
303947
929773
214885
609165
434197
51382
457315
222774
658858
313882
277238
777409
994717
910659
352006
6155
223822
264662
379330
751966
64283
901677
810217
471462
265511
606793
683446
682867
217651
688129
673242
626307
694755
646310
156696
260407
757593
997801
247817
548672
410400
105117
295935
896597
638032
254839
207302
57404
506969
4549
44895
28937
505094
937053
4946
64860
976377
630868
780183
251310
113773
503269
536702
320037
187596
699827
403760
28387
937463
971899
425773
966959
183521
96538
97302
761908
144221
666401
312890
604607
946277
134928
920661
895676
759743
363902
357737
254087
482918
40244
625802
847808
196344
473206
175252
366510
400911
327271
537909
380180
694649
612736
505379
63086
239941
21491
16280
843023
595250
126309
975201
171333
315045
663544
180642
575698
616298
928947
622908
241042
78651
728568
861122
924596
470263
138962
581343
641977
756904
913317
992153
940581
768498
169537
969221
293345
546831
602227
627401
647287
613926
968323
721417
262473
731529
557078
546502
635476
815790
706092
383629
536139
323924
486289
563937
980806
626933
795462
480328
755076
998518
319631
513276
594905
662837
747701
256129
796924
915990
986490
11148
89132
978070
144028
160331
999434
682541
897228
174034
466466
452209
350975
720123
933196
101800
489988
372633
473493
851675
525367
342945
701430
913767
452651
636407
620671
92028
16590
255902
472675
228958
873363
395687
581548
851610
8449
453661
786665
634731
84369
531195
164687
13466
852196
179445
595456
650697
975865
523704
748662
893238
65523
526095
312347
709282
494945
173119
653663
13152
404210
847679
648181
24527
92965
708627
644746
427687
548515
212559
206132
813952
288213
201257
275358
826025
34668
421102
80697
484480
740328
962192
544131
135174
515131
135546
230462
747915
847890
830946
541867
813181
54298
439758
67459
112152
170005
817288
460867
191711
362306
861880
342770
467855
660729
905836
668901
814438
301787
708470
946774
523876
316907
733804
693857
814238
539729
265778
843404
656595
210887
999653
62654
107434
614787
401740
247915
52268
9849
127190
719322
833337
415647
676645
754210
369818
40928
702197
684351
830199
199849
665528
92582
163341
88697
48609
895572
210703
146990
865001
900452
815276
203572
637819
526417
953333
1577
876610
826281
394199
477678
657049
361301
944272
684070
914322
431293
484542
788654
127954
13086
664908
729810
160906
353488
229200
908930
518787
205236
312901
539740
306882
780905
988471
581024
387764
454926
203903
877465
812635
792040
688673
503601
300984
986500
299412
330796
245647
327832
485413
932037
199506
165134
169614
804876
347788
833134
709235
569080
400153
714003
248411
101483
340925
982799
701631
250727
771548
569590
132917
353927
976527
48485
212852
380521
344238
16765
10562
120368
425429
370943
233160
3743
664409
762762
187626
879544
856244
803347
373118
281217
232232
423963
373363
272272
131314
225510
645911
879018
323216
548446
557750
60680
588242
287982
575069
618909
924637
161653
12593
312498
815389
743833
520416
729931
989824
344908
726587
190592
645325
615432
496138
154442
870552
812149
636508
577736
996933
643575
241812
321905
891575
767758
533311
810055
270771
485522
119725
87281
985442
39922
464350
437380
722994
406531
161316
231134
877532
204359
182284
123209
289321
34840
69901
862860
253675
767555
16881
724099
582783
540223
937096
836510
131335
666641
250937
916011
82639
47089
814659
827823
586915
896568
257269
216126
841751
161096
181794
66539
637813
569058
242416
223201
956047
350624
480191
920780
975885
726202
977192
408427
875139
636353
389970
856671
862443
753604
720392
649111
169722
157726
83677
378776
325499
233140
624438
453437
490364
19208
766498
864582
869616
171101
172523
438390
149619
728262
61938
194330
328680
826692
737565
765840
481396
107062
402025
70478
953121
569397
681951
378179
947565
673047
383065
624473
805501
480007
831680
888079
605495
93384
680338
654027
302492
343547
229385
102568
442153
882226
397735
157692
881931
747727
54562
725549
591640
523023
874890
637199
859680
501959
459311
667901
273905
232318
13441
75735
63479
992685
139298
133934
214915
895421
879428
738899
311987
53518
93228
754069
48124
127614
100955
718303
554961
815476
452144
490822
869047
72368
145959
237755
236341
281432
434391
172575
711244
60070
305385
75034
665952
807238
289346
286199
313055
3916
250344
496650
222395
157691
595727
640216
118625
841854
421452
774118
532427
812238
200044
145144
252586
25103
224993
376397
346845
670301
447697
531530
185360
48138
623479
786728
34570
124753
458245
151245
445567
351215
24977
658497
139230
94738
877993
590428
647248
635661
342030
155218
500469
573574
556303
273610
153545
359677
385115
325062
656506
241737
369939
632643
923417
484943
356765
148932
736245
533904
836236
756076
487703
29861
894330
90155
57317
482071
296268
175164
544596
459418
264160
130238
340719
450410
115378
355556
50902
965476
309337
15214
272612
348704
437270
332499
678732
580397
111476
571202
158913
702687
786824
583418
105689
187300
857898
643568
192519
472993
134072
197351
141057
107841
310780
618426
815169
15070
687726
889999
94787
798004
34943
585206
973049
898657
588350
368216
601191
289437
552600
751809
399886
72120
525512
758008
24225
690839
950274
782786
862282
43321
445156
516052
543561
511203
819059
577510
307660
847182
454118
447677
984022
174637
794238
982462
354055
316353
762220
14478
370574
468730
457568
374962
468559
892946
637810
864512
734388
737256
108654
618950
560773
72583
58299
395511
942818
121573
330942
185985
789149
542670
972562
507753
663813
842526
114056
20579
885477
214646
135346
285644
370959
72082
929267
328416
912971
686476
616252
772745
740292
263457
809072
260358
241787
349985
136286
481620
653540
156500
359653
272039
964321
979979
883281
997755
228670
699237
286767
76947
528823
416044
470905
512973
570879
483536
348646
902326
496228
161751
438502
231045
933090
151985
663320
279744
448104
408594
139718
234520
433467
615649
442447
669305
944157
79373
684865
978606
608839
821493
104665
443381
931021
755871
758429
680206
12937
260577
550203
583376
366941
788696
95395
929263
518140
380194
508030
768276
738466
504234
915203
412947
204053
702445
886791
890153
258739
633729
55939
892567
1592
819750
962122
475663
215984
291002
716869
238501
795810
10030
4730
235001
572399
396343
967319
975076
100922
610893
646213
736484
545704
629478
675144
356245
130555
628835
171159
343746
434867
948538
160448
243912
943655
631673
468537
356830
920351
734154
462148
25950
863009
201310
460262
528418
860405
521668
210265
34817
433663
321003
536413
832497
879213
971599
36263
646811
848644
959468
752529
458114
161738
96170
355816
522473
230308
142404
621248
727480
997900
341265
841862
879375
621164
526503
594835
183090
221009
797331
866914
814179
811530
356952
695655
94711
252268
759484
893959
366906
99898
387748
798759
437795
516000
197573
780025
377619
415776
136291
261532
298377
369206
622666
80448
744584
228825
735126
130945
315618
507590
87422
310499
453508
155004
358399
741428
87097
822809
934035
93154
427353
845286
432894
742374
370742
903116
299650
73069
591251
484365
654765
897709
672208
606706
107317
738362
330830
264653
443423
863223
783964
844213
43982
685342
935287
217876
968295
995972
10870
142293
433792
95819
460834
510390
644050
303849
306370
300820
308648
232698
453110
419834
757422
169687
993889
723671
636585
687246
259763
414838
963509
61228
117180
563135
756330
74742
256985
784469
820063
393338
560607
105490
876514
957697
799815
402275
375531
951035
173343
340130
936301
502961
502359
2821
934662
755895
272080
194166
370340
658974
301246
793189
465347
293803
725521
224653
912265
313989
448419
269154
98728
846216
447740
481175
874905
688180
693347
159481
955522
8575
820629
318261
777870
925245
432412
688728
301239
259142
391657
590611
49188
419501
435454
203608
294722
952752
389024
504652
985835
302549
4415
886020
909054
980069
921065
666570
429570
990917
86245
208787
980297
58855
862765
645194
167880
541371
399182
713326
815798
282282
468120
560099
145919
181585
343521
152020
110181
37418
890222
661058
704376
416809
853269
952165
18402
328914
930909
219938
523333
19581
746190
825860
534222
782322
401026
233910
629315
997298
98644
172307
323615
904358
508976
467676
604553
894766
66907
320620
557282
678659
588188
907519
359349
641126
266727
120241
97141
422008
977664
117601
413804
978575
666376
540221
655461
679911
183689
451355
547607
767688
739086
177110
3082
292714
962305
770921
656968
431642
121707
525960
230569
217445
506235
220036
634340
206062
806085
963099
942645
593911
556183
572167
810921
467606
921135
420280
576074
176989
993790
71911
954055
306954
432210
770691
339465
619460
426840
932114
623926
217235
905217
258850
202983
334881
608906
258128
305562
883980
223104
250848
275111
648389
909880
879873
248718
576126
878553
944775
949244
901094
26292
436821
793141
45614
22413
517647
831953
304342
502902
367473
95863
415022
837063
575450
745934
376210
467610
731806
375787
226757
9671
777181
877236
110237
650971
896538
584078
71042
252276
836101
634209
952451
539863
804668
793756
262670
325370
167833
105489
175153
722770
516708
541713
275811
822028
985330
877965
27415
28763
586361
778854
645019
778881
491877
410886
998240
973290
656743
106872
798122
423391
507529
704565
258537
384972
51712
21181
682600
895431
307301
234782
219414
142354
398887
477987
338756
879708
986646
443989
72847
154205
95349
482918
274269
278817
222643
877424
880332
193582
137038
53024
304943
44951
930080
983580
479986
440018
272841
34010
858478
89242
460932
772126
3261
496106
71443
54894
105086
833751
468149
566742
662964
320688
271523
273837
911445
445743
269234
284015
708579
491375
545069
109317
612689
374253
56182
585404
516216
502854
974743
478071
762394
153295
433376
581158
596631
196412
561517
449462
523191
627274
229005
138015
786264
72290
824754
464954
296046
268478
325212
778581
389928
641903
580510
540607
107734
765019
23962
289672
522447
440020
274346
730453
857672
221437
679243
498022
647155
408061
942870
492326
444597
913580
312108
416239
975182
195018
483584
42675
243659
989506
6356
157966
532323
673546
522577
895101
458374
215280
883092
832520
792696
629919
952007
368195
15742
738359
290674
249798
69157
608987
427902
778754
598516
495171
614349
448147
554774
775061
59642
998352
94151
80666
650572
367177
775886
19489
554915
424598
551554
762551
213146
115073
289467
194172
525286
152497
776973
111291
34934
791759
917635
925182
274430
440456
259865
5388
912907
140151
44828
570853
510115
532525
603254
966540
165979
163151
522004
745433
351737
762868
308002
799805
946540
544084
548173
253734
653001
62188
760265
526519
366828
485053
805578
469797
911462
655043
134311
536864
315834
387884
827358
89794
669651
33725
450722
385285
621491
839739
673741
82188
151381
699410
728773
171245
190626
625346
862813
946431
284468
726776
859535
940512
814430
30014
365399
398157
145225
513988
677865
703368
53945
614984
14503
822447
887810
562903
60405
214008
440001
317909
305163
554635
333431
34669
726622
824989
474347
590331
929941
229445
857629
160608
503172
673119
579609
857685
265576
155422
391941
377793
182483
102606
192988
135183
946318
980739
817972
648691
704249
100553
204244
510322
238956
548802
732493
627579
827302
834261
4575
886360
590528
809015
987551
739117
558351
194752
349530
107208
400944
169818
381853
72461
996768
223432
570645
626974
227251
88038
305323
305021
611487
332965
589364
741735
215406
607840
674954
78023
43755
662496
730695
467507
568729
236943
501376
84169
191761
541661
868447
489921
224076
68617
462389
277812
55246
587092
703651
958739
706788
285313
705271
582175
746417
947322
632204
226381
20183
590582
564823
403575
222577
428537
219793
571104
158659
172246
616111
273467
329634
740311
38481
4003
208127
560410
526201
412077
269906
228516
733656
664774
987032
185716
314860
942096
843477
155603
35020
563934
904802
869805
780070
822950
361109
790558
915662
142535
975007
285868
138858
47741
660562
563394
351979
576618
813726
66536
412011
390049
581313
929175
735256
284843
345483
149950
548525
348118
401761
330738
383489
924101
795332
430576
51569
651554
791232
781230
18371
472269
488896
899914
43156
175823
185660
108411
926469
956728
692350
160312
523622
946783
989685
387288
754966
588893
790018
969270
541859
757632
131518
4983
415715
291533
215819
79215
686141
561577
132090
496587
35171
956167
661515
378992
522269
33955
281667
532791
810598
924163
842363
820658
816989
869647
989824
482856
950594
277290
862032
389819
8482
281755
871401
981395
656422
84793
813659
871702
864664
494648
530664
564513
673545
498851
144710
838377
244330
850769
260755
131705
562869
602320
581403
507210
187964
792236
326156
353908
88536
278441
27060
649917
152788
572568
417303
569373
562943
886900
161918
591849
5589
145115
856617
350159
900266
717625
208490
498351
698890
871646
732674
283444
957284
666393
251801
544150
664030
593099
576544
72160
640837
779471
398598
771264
677096
607410
496339
20883
317939
295712
853438
224309
371336
54580
557312
682620
292485
135624
166460
852703
32674
627293
660631
923379
51753
256629
246226
557818
638369
708183
154236
966001
552715
85856
758516
758276
144321
409770
627218
275274
375725
231210
944075
567705
529960
91668
379680
589514
795032
712665
504166
877120
177715
926320
296579
686471
5969
846796
883205
817305
571561
573398
582294
148068
262380
269347
412378
783716
67665
84486
517152
262583
455633
343209
693157
938132
195374
493860
155508
675323
528018
952755
86461
980424
536572
817758
502878
164190
300719
321083
76055
111570
446673
159408
517292
847884
460252
233089
899434
337738
125198
512844
573613
557140
833411
78017
637441
898583
710822
20318
628150
919183
247245
476800
292479
22447
817019
778228
267397
219454
248680
352249
133002
839087
573229
272198
344495
865278
195660
734744
822906
481020
733771
65203
605988
624062
313869
943495
932858
897757
545316
411133
172083
516551
700895
251480
828733
346810
909571
316041
64249
426225
861166
246520
276090
608227
448036
388017
191102
16576
754899
770426
168940
990559
1775
6286
927468
216514
225715
300358
774940
5460
564000
298660
279460
955857
513374
65092
140080
311557
285106
31990
706571
393005
842116
38644
417537
626406
657521
76484
908260
833230
392500
364794
184462
666207
58453
301890
21069
246987
638964
78789
183616
235959
576772
312146
605501
656720
492550
834246
82330
940369
298988
409190
316226
276810
174517
480093
834682
443321
170752
604973
406040
360980
8262
420826
13295
535733
395399
114820
504029
883930
515934
60977
232303
594075
569024
114939
992564
576200
657040
381118
602028
981311
711489
690394
526878
523399
660848
492638
481362
425059
31770
865622
525597
678922
165897
513328
417635
891542
784538
452623
723243
178600
60955
983428
791446
549122
337462
223741
488399
634316
996215
689995
676559
383286
326227
212757
66283
14647
809863
378635
299712
136143
633346
420824
525444
907610
186670
822476
591745
546100
266929
221499
744026
227069
296152
107998
125269
260668
4764
838837
631150
516213
719237
520736
660334
441721
143309
343239
66815
792802
874585
966696
610632
633603
106721
997770
996781
316998
128666
47847
517104
194435
188498
796568
960696
827668
443722
754662
374977
216592
119276
180130
703623
753703
634974
5617
662599
254465
498261
63083
555240
993636
113278
687159
40514
313510
547036
904441
38825
255291
295570
382014
240261
16633
430954
177332
360601
143248
462420
42365
739224
548168
698674
568664
881754
350649
815181
485195
533895
67445
894376
58245
794321
51441
175798
328823
558100
36680
397698
810163
502993
357189
300978
618784
457356
667307
438267
920065
305538
243265
945494
383290
181832
610372
709891
959405
63753
630085
85043
410799
898642
23338
860196
515586
652880
590615
150334
253711
697736
614184
763883
998691
296670
990454
281627
421009
600036
481746
258734
525039
775956
89069
285557
165018
56309
849397
526719
313158
425089
4602
431616
762387
434298
657524
469172
925787
569275
94381
315223
613446
846005
667423
19825
870977
356786
936770
621348
697628
752413
298470
481337
499839
498125
337096
343106
544555
926613
956814
786331
320841
325245
772577
624690
848851
962557
346395
409948
251999
323324
896481
603330
203783
768629
41976
543043
970411
395382
144721
54364
738606
442110
692067
92630
921326
881405
741662
655644
669041
207287
355702
367227
617453
428079
569530
885435
47142
216460
632195
45477
991319
252969
985432
565437
52715
174653
10069
921907
985482
256558
231001
150682
532745
775468
800070
484226
401824
577146
497307
337790
936522
915122
764737
590644
33906
990482
322636
197391
392499
544699
32329
10137
223345
75269
987026
604949
41805
589531
484091
83506
423181
144104
384667
669323
28836
634796
415960
981599
966763
454671
213923
369175
310645
686874
389502
347134
730917
703944
728819
417518
631533
17899
850629
242859
434410
66540
41527
471507
870513
93122
377647
286401
892406
914311
979871
232066
327492
951717
792267
621830
957763
601564
518028
976204
81174
529383
66006
397540
65987
602901
470011
269949
973298
87004
682215
972784
179570
39346
22076
895739
896356
552697
402611
190715
867435
124876
945733
879011
970883
34384
890476
142875
86364
803354
916140
460295
764696
950296
621937
818697
323386
977808
510595
497199
386321
769578
126605
901996
710605
331689
537069
429451
256009
504371
384490
923386
570646
453901
853567
471580
772827
90241
326167
506684
519119
401660
916456
538114
535272
89195
99960
265995
996968
16760
977094
980203
936464
693268
877756
364919
753678
373490
287146
945640
551312
292096
230741
391853
969210
659273
996824
777027
907832
973292
235915
613626
570919
898277
355757
808046
340285
789616
842172
179564
448636
366046
155744
482548
627672
176669
684842
146791
274939
450335
697099
862059
816725
880409
104395
371659
932963
999392
693841
944090
860326
234150
975099
395051
752959
586148
596270
356199
420327
157437
990213
425474
643482
275133
799883
257115
920382
461648
727106
13903
895843
705187
238853
144608
518275
555468
940710
135457
183803
326970
469969
881397
158506
671605
45298
76755
525416
653031
396820
48060
951327
321534
5530
436955
897653
254465
877800
337669
489341
686601
954754
169198
728091
121072
870010
33329
314440
222658
505553
754581
735563
39318
20632
728046
844593
79856
517513
709434
609151
993439
313785
21609
105014
232941
853209
380805
420695
161103
669988
535979
372894
545541
950236
415473
257952
180057
422334
931322
271967
950405
725118
984933
513114
339206
665127
270132
908710
163823
678864
671484
210652
931715
131994
359235
216384
187968
563210
777926
789336
8737
313817
734088
448102
318355
795576
726847
238337
761895
869871
811195
371251
125746
996838
474448
722662
604848
29571
845225
934794
297996
380749
598725
122593
765476
60002
645919
445167
804328
779788
132006
803163
467230
150330
298840
194052
347871
339568
598203
386923
215881
969807
172560
793758
92422
578671
781258
971295
88223
648765
475802
234933
395033
763806
88234
811670
297783
51863
524523
733601
764988
509575
302669
971279
479648
876835
721312
185560
366355
993180
365387
202820
374553
491334
761124
958903
153007
438991
575177
544966
784403
506657
669027
992476
757691
875385
518552
709403
745706
710752
675991
725875
990305
844063
189790
554493
631402
474084
427643
408724
466588
136899
387111
464108
110132
265867
434055
203398
390629
406393
223191
807181
491823
223126
143249
706230
939557
696921
499042
762815
238971
567612
660783
34122
78839
401461
628552
720325
489063
39724
189933
958642
376495
558645
185350
508551
609092
26014
119118
75808
967949
234141
136703
935954
720183
127312
137666
162708
661721
912882
995536
456588
661445
154098
591875
344816
566051
566066
458486
939506
854881
202386
366119
939780
276819
725534
980849
812757
493141
258195
333477
349800
786280
142325
923362
114268
91641
736551
489079
562240
543456
66852
690294
480482
46575
301227
759840
805684
638852
948634
95147
416327
172929
622150
22650
814391
3437
581613
326899
321220
329935
183772
4777
156405
814534
943013
889125
460159
634087
766179
203526
678793
107451
873743
473687
207767
902301
203864
92045
547072
163396
592506
211328
618694
309351
15677
392326
568800
144498
486157
647657
506402
56484
23996
735891
998590
247503
614964
960611
427136
96955
247487
893277
255427
320426
696787
626690
255657
831402
802044
878563
482978
927182
821743
191408
437461
409620
346836
99796
448582
259060
558731
331439
794949
196275
807680
666274
587096
483558
949307
966559
942718
679132
211683
653926
91171
578798
399358
441086
874585
360833
75608
669592
473745
252377
6144
950527
512333
181010
874362
5542
628259
96244
137281
370916
389911
345205
173504
296765
11059
687611
420657
905128
738450
313552
953112
512113
238531
334978
348634
513003
331864
81223
238075
542814
361230
528751
665617
685276
297839
465498
539116
601673
625888
277451
736926
163318
579115
858374
876853
993023
313433
682859
897006
76862
673236
457703
700805
19567
433206
641498
762364
136497
925507
814340
15495
536241
395426
77989
599652
387593
461237
848891
309849
664388
300800
530474
54836
319665
393504
252328
102425
573599
970910
963206
914297
98146
956944
731344
120197
383827
161142
3230
655505
899695
706227
23058
329468
507660
920464
237529
398450
693439
546343
281767
858885
904606
773242
58634
659110
496263
471299
454899
828706
587199
695984
446543
27481
608902
171702
191636
751366
282139
377610
804881
319516
258898
267344
976755
683508
802283
461446
885256
165689
843670
770156
699275
287460
936255
280405
47609
944012
947705
565032
621536
159030
410328
662112
166187
654233
476010
253345
617203
788886
845739
497202
546857
183141
400772
438805
664625
654664
5806
42166
904103
722148
411837
397360
700637
969890
532055
241177
385981
995944
221466
774104
843022
218908
203733
777287
772357
627783
663324
621498
315201
321501
318080
392770
443555
317635
382477
69845
575110
372595
192562
736040
413086
334266
220498
970845
189445
78035
699155
821347
96507
593200
943579
656142
279895
266976
157990
775321
411061
387890
603534
155370
973472
974616
140895
576605
411214
381040
559693
132751
506964
309882
964206
922266
472715
389310
338661
959252
89312
732982
274933
688600
414162
544985
564844
252533
759194
973472
263267
409766
456259
128198
3798
806187
475969
77752
670386
459538
459162
597427
486229
943234
687552
134055
727647
305664
227102
569999
788826
316881
370902
79543
802057
363033
519080
220428
904313
339954
442241
941061
348394
1731
276275
263365
529184
151806
802128
459389
338600
74167
193699
24320
679463
161428
40503
516287
699326
257574
389426
85413
564697
672339
188320
726302
319885
822284
740910
27273
243224
231013
79610
12090
487550
313568
588924
403667
121745
303017
389677
511566
581364
472708
355043
236006
699128
899247
739898
111050
499318
61286
517107
479378
404929
857372
363214
859643
214527
876997
433207
994758
225630
129880
809578
164388
721892
139821
987754
682948
933154
735281
980396
291122
668405
241111
516338
206567
722811
971878
317063
693944
856044
43698
771121
221623
715652
592772
364370
473235
613803
576332
4484
600769
326042
864076
849284
237502
131561
441970
156887
595021
710241
92652
618985
486226
877860
434625
699378
561109
742831
182010
743931
965082
904133
456962
731752
508395
831528
425416
690257
19269
311680
178059
578285
934340
612279
443590
731804
187143
414614
30795
173622
958328
271246
921560
930969
158336
863620
667382
31957
727202
52882
808954
243009
162626
760796
29052
539699
950454
931387
438370
255843
447731
213271
690793
349768
972645
426032
736952
298688
205532
167827
902449
400067
261257
602432
826023
321315
9060
774322
915077
742333
34819
538954
739882
28513
542928
822292
384418
46663
419945
872916
530520
251314
555079
604219
825802
389960
874999
582835
321577
217685
896152
874706
812667
864397
164159
867488
878753
679624
423596
659968
404518
911785
671492
488961
173795
605761
496393
286116
380252
244045
207613
937069
417274
240673
746334
533163
688977
155207
861982
860426
781161
407010
984729
601187
216997
289868
998339
89790
860268
457163
602720
704768
759296
752811
902941
421460
46957
368438
503418
999510
560087
212963
209540
90875
324589
567795
413678
306715
840547
718327
862319
749534
426073
76864
299350
111401
403296
400456
622161
970743
387068
739226
562287
901776
923298
693074
214097
506547
677296
10507
666554
922201
387278
134112
187733
659801
727296
49209
621564
354398
301190
69342
705004
837000
834431
813481
755393
440828
275907
783324
827516
500937
507128
360457
643804
449408
287466
8384
497888
701314
692762
838319
945263
61331
581387
921023
183076
204221
851395
470924
375480
641774
291059
779831
159152
850189
577700
23325
905742
851885
229883
485583
528721
305880
590952
512322
745519
961720
754170
300143
519555
141291
261168
546807
61460
750646
59336
872670
971316
565359
998397
36780
523328
685805
132824
550130
196417
471893
336573
132979
276839
399931
612269
629836
911968
707481
218586
899298
290280
300400
960038
297132
912900
675225
128120
345027
282777
797712
129495
577688
425695
682092
43207
92528
836225
953698
982142
217462
590047
349248
182830
453286
135461
783328
150944
49348
374441
859649
101098
953341
51114
361948
891098
451498
205630
482615
458654
271566
953112
660093
42747
429786
275133
8160
920829
960933
951060
244794
492031
338107
228753
720361
326382
964717
152707
980014
935697
401421
958915
476545
614694
581075
139554
62435
103735
810797
992941
913716
530440
407682
89061
15430
316766
712958
820363
879620
956505
524686
773246
673383
754431
730729
634292
108247
643427
824723
147746
845506
585157
819537
34023
197953
941290
350115
473755
476364
132267
687245
178031
355098
837976
797370
534840
97787
116898
727767
487022
54600
590705
795375
585808
712958
557959
499346
673472
95884
658601
646472
453427
222787
968553
27604
535504
96146
767485
86798
998152
589658
115465
115759
750269
549821
898363
974638
963639
838906
692964
259249
419042
864676
529518
579905
665627
496454
465621
969792
319288
243884
69365
509118
179346
893225
949982
133594
853839
710867
814910
265691
465654
229551
795039
407881
470895
198698
268752
167953
37272
551726
580536
474427
755885
245422
959046
737317
724093
996989
543912
375365
460507
853130
519107
579011
877211
737083
95261
7735
802157
570941
58811
212688
231941
933899
639677
803105
999001
864383
758416
552069
672332
112816
257990
728696
732956
783263
629948
988237
970527
893612
839338
312750
570616
303453
71307
51414
364385
26773
215897
248407
907245
277395
702055
728720
109651
426122
50726
20646
787570
177577
966918
147030
6687
755790
423878
613855
47528
464712
301696
285489
12665
141990
173282
525269
654805
768975
890778
591146
168139
516588
987121
976542
622136
724319
112456
163242
503423
917701
901235
492710
662126
608932
913538
204041
284599
365972
858500
984334
936426
587647
484609
744180
610110
778841
445865
571612
220565
543283
55525
199057
120978
525719
887350
756760
92888
591250
439218
410652
342471
788806
88756
190049
912485
590856
559119
815964
401812
632931
446333
426769
365729
535990
163781
984071
254984
634106
517604
917915
793134
827470
68358
706279
235471
666454
239952
141066
873692
68134
420037
331259
497822
781205
483500
685542
67268
408443
250734
142923
905151
732722
301231
345041
515430
163153
785246
305959
888756
593495
326677
368743
32016
567062
995420
957402
279954
438219
204256
495688
331954
70468
205261
752205
302019
197408
980231
823075
330847
525656
104160
167262
682115
259655
355649
170005
13024
770844
518993
746566
310119
541067
783827
837205
353767
48502
611366
51462
566010
284434
970861
505677
899986
148110
913698
208799
5728
103317
185802
804524
515056
699863
478777
707866
958472
126135
195072
601245
805040
3644
271735
208696
745698
635292
398337
239399
75305
671008
121247
755854
56171
371052
554656
130492
418019
83858
488510
253134
666568
96948
777862
578100
66759
464151
394901
879580
980785
727426
447238
171828
653135
363448
649455
912411
683001
833280
923790
12675
231101
638089
919286
231193
13667
826680
987861
173392
908491
484192
36571
35330
204909
992251
873997
645194
815225
552328
501997
130963
249720
120192
324270
788070
997620
532680
526053
664965
896073
985025
853016
812449
603826
348675
893210
711904
917047
363758
408305
815080
536943
921243
643696
523858
736239
144226
780439
554327
553425
440687
613292
643900
327293
748217
454216
884838
162255
777009
668689
628893
514786
823951
702507
598497
501031
95818
83572
499372
844093
582261
209138
989100
467949
296294
632463
200574
627431
78571
265153
215122
757121
394057
821541
818314
4015
298808
403480
362563
160151
750816
491158
373257
539220
886003
425852
646914
695333
968908
934640
531652
521129
733820
735768
458268
768956
172527
470437
30134
228285
258221
645910
290767
256360
794563
886348
605089
786176
926940
949474
904846
311948
843344
266573
16189
213526
63745
292357
169452
149333
520340
366156
447775
104062
583534
644706
221573
749055
44246
453097
336556
486282
51654
758819
12020
551695
542761
550784
689573
574700
286928
968157
234302
840522
139220
23710
177182
633472
286992
924117
218327
170856
723095
186817
413658
611301
876908
655291
943784
358968
912889
160125
772944
891387
45293
34680
130286
173844
842392
981145
110678
528652
594404
141735
775741
761349
307844
713154
653838
930435
749469
403427
165446
250865
44644
570794
846338
509926
452407
74342
16754
710580
710880
539165
449376
428440
279192
828983
675799
66622
127100
796813
930643
223
547036
739021
622388
703511
642799
467048
203739
797302
709696
970186
989278
857938
163855
706276
169714
356146
169578
37370
940946
240155
496318
967631
513051
424065
148349
280466
873101
551149
322805
162724
593576
848133
845868
132699
24202
269768
919375
737247
912624
141287
4562
77261
185598
911734
423222
607194
404711
475099
136146
129799
889585
594056
856639
691120
439935
911812
514307
408371
544085
461100
910183
758276
693667
460713
471797
767885
565227
258888
168242
337597
948533
764534
964333
786310
246600
754707
383576
223423
555068
564370
875130
424489
103918
750735
689649
355783
350095
232632
170444
928443
646747
248850
653822
594990
712820
275644
890106
956712
242385
60233
144332
177021
69459
806364
198413
659453
608691
441850
227149
160145
935378
676248
405012
824097
954612
864625
558212
709753
428188
188480
601758
96166
926173
421119
201082
268200
156613
831872
53041
315075
276338
767760
657520
43904
627240
77195
981328
482184
261106
447515
207515
173157
812589
703802
756679
198994
856302
522707
471120
746033
324571
94851
930887
578399
371942
56063
473900
828080
193672
351304
260156
957793
411837
741783
469254
377098
461500
176646
971962
939507
545209
564379
893438
491109
351530
724015
605278
265441
486032
456071
776588
646927
47977
443439
458103
401767
219164
238018
735040
661228
50104
969601
693147
324729
539775
186169
940698
670606
301247
422025
980025
799643
92566
841971
827335
230955
780820
916524
103161
660903
933403
629000
712887
481756
191423
893818
843035
807601
26995
767745
174107
772302
893076
95762
936557
890173
104665
511948
769566
180751
853915
402990
148344
38317
348999
431638
719122
934
659637
330665
27264
581531
547857
383433
470317
86031
57302
613646
645282
730755
909786
683804
939276
535623
479329
804092
396243
783868
920573
24127
162292
771505
206392
967092
161239
251319
91909
789804
136593
931660
670211
399029
822806
21438
642161
876482
26281
749470
40207
295074
258675
297515
687963
459565
405146
852608
249355
964503
345484
895434
214443
211592
729147
933681
733605
552299
384928
982337
401885
277249
441175
894388
723202
497847
973559
118315
5420
225899
893032
428133
403845
378860
840633
653671
855953
366658
875953
877909
542233
50702
678357
590493
203466
402386
899446
165998
132195
497238
784008
150815
183610
874182
324158
787958
772314
595991
299125
944738
470131
604853
431235
684975
235511
109992
371210
402014
318570
878609
860236
930299
210311
868019
884155
687386
973932
442098
153998
367301
886368
434995
140766
783163
779631
615300
523767
795360
802903
917929
185935
689905
780554
502437
594613
583965
302878
90316
390036
48262
604514
425991
559395
223456
902744
940714
921509
688041
628065
67830
615699
984386
81693
439939
168137
471889
659583
918616
813731
871845
365384
555562
589791
366930
262744
424944
396018
796857
429231
703813
235104
623450
395766
589953
292354
52193
944376
568710
697213
802896
283491
163212
547896
807686
858530
570104
873632
961923
111343
980323
135580
405383
438737
726251
666573
302531
492781
86616
821404
339544
116759
830
890343
3946
667068
315156
392499
276208
891159
1951
119199
423546
291028
190116
814234
459387
314318
722695
80995
443695
550943
525733
831772
165871
910194
88712
297340
886314
96846
445204
347790
189066
720081
934207
465745
795787
813564
914428
491644
351722
593502
923420
40744
492518
742247
473730
391158
239315
548336
166889
944786
303458
841091
943093
939201
633111
447141
534372
530919
263787
61033
178761
246310
92727
527423
93422
940450
389558
658011
214044
785401
467443
799326
193536
817761
651456
298688
432874
772117
53532
141974
632749
373368
55551
126525
157863
109826
744887
705048
724364
987517
719087
157296
468173
426373
734854
376763
923889
544051
754693
660048
367992
358212
786419
507909
488028
828152
818486
228369
93351
820060
817571
431683
250907
117307
397379
63167
426635
565215
901988
613136
241964
221798
414060
318593
632887
738784
184033
104066
264585
46883
123866
766313
411966
83102
177704
854818
792460
550558
264398
90590
432597
415354
425463
334461
808395
868850
642008
519121
876155
52582
326137
333008
815317
830382
369717
528637
682073
77442
145372
920958
520676
5716
425481
977277
250881
283369
97593
455915
979714
119758
634597
769382
18123
648176
664247
31818
717682
302012
626420
19323
298412
898830
735140
510018
622530
999967
282604
129384
650230
275404
104505
902007
458084
685342
137878
634249
51516
666151
397041
706322
537617
410504
189712
578768
729889
646467
200754
19193
464742
105957
88141
717188
709834
689683
521649
208974
762908
937933
183322
738648
576800
581531
201618
532588
736389
421989
606049
16080
587032
535559
312752
154272
754850
277147
522537
248338
808090
964683
40825
840773
585982
229235
749934
423855
284827
629741
585550
256104
688940
225206
317751
945482
448646
907434
291057
45684
589204
211077
305971
943261
315714
593711
241357
637414
675924
478221
360148
620294
948885
224758
833309
470550
867460
656194
110289
377030
289511
35477
104676
570228
762622
388407
975600
81729
333561
157478
30784
386284
67757
746518
701338
384366
769169
788724
714518
209179
997362
199208
546952
88786
117740
414523
444718
704021
173887
493063
796505
367043
940551
664714
124605
155928
787571
794334
83001
298689
268495
874926
97493
36003
273746
312469
735139
438869
150672
127669
69521
322599
737449
238724
730029
643682
694486
353625
434979
920251
876775
235662
729105
834922
545297
897962
379004
830652
632238
33275
663477
37475
864288
133989
47432
726130
870724
14732
657962
550774
43363
785156
773438
469116
622038
30497
174786
556565
578
171162
385813
184862
724214
62694
434854
519730
285181
861150
490547
292176
674242
858062
777865
863406
769664
546956
177356
49332
117089
962747
329077
502534
652848
543107
661292
763371
340487
480444
388073
148155
611015
707826
585559
300105
795341
718241
84027
644779
770288
915509
130036
233035
673411
31562
443373
291312
328348
142908
602096
551323
330445
470699
971519
367951
620760
885820
572253
36356
914802
25849
378272
560169
792251
471805
536140
304583
134485
306597
837816
338716
335342
136533
54827
156716
639058
862429
593439
525004
975301
253374
867771
853153
624807
509113
135639
150831
641461
966170
279918
334240
668886
885131
429155
374241
369644
988663
792397
250250
117201
828071
912896
754370
458112
271845
328342
102165
711595
439200
194547
178138
635976
853433
40273
483562
40311
611209
521149
502270
760977
347649
674303
581073
570236
175730
859323
241303
597278
68354
109089
755056
22924
903973
948348
938501
603781
108169
974621
382534
622819
568647
700412
644222
920047
792611
999911
332719
39084
903810
945762
347910
638815
924824
230357
741945
226556
108999
203385
629438
737942
806042
480583
415162
485775
213143
913928
727822
924914
251651
355734
791097
900351
922820
705955
776719
390955
283898
359632
81300
514575
629242
178051
813342
727109
169165
828694
633761
790588
244063
880188
716845
229896
868112
631419
696649
764336
420824
999660
618366
740472
462557
341366
392339
533766
215713
582641
157851
41331
603464
882943
825359
908782
734235
773140
859564
245143
319771
433685
21028
252492
811331
1311
343997
840878
356550
828006
416416
89934
252631
361558
353635
196356
589363
235357
888507
634393
348235
14046
278844
728464
663019
494009
886304
541305
363443
87533
337710
211645
321575
154318
578604
700016
504548
760559
520832
82644
782368
888659
898701
739669
447415
400242
762040
815634
794948
43083
884297
299000
821718
984040
774117
845013
458615
14229
698377
677390
448143
494296
145846
787090
915556
861510
283719
815853
12027
199888
671898
619809
999294
481099
801477
81864
212877
245501
275846
449952
703331
650259
857641
900729
527070
543835
859489
523697
660796
282727
12013
626786
839501
574115
966331
279093
95673
76429
900320
803850
502051
490454
156813
547209
371477
672704
153566
407427
597632
425282
245475
236703
95398
177987
450834
96860
946356
216049
656218
395065
272931
496639
196201
861207
398225
727050
586772
566073
53082
695155
972492
981020
99700
951791
882339
435977
779795
878808
697861
182012
977809
855034
810154
679882
717066
836377
307249
193253
248811
362344
269913
599479
390421
436191
618885
471455
714851
847013
385831
768740
858089
810609
792458
812602
899064
66840
286351
562831
945517
185296
984196
6886
815919
588574
663696
545046
96416
275706
631978
714708
497047
386971
800733
23282
233579
622894
458421
420226
850500
632750
316426
771596
211079
480932
374083
878092
172559
622623
460341
519282
814458
685417
250243
204095
618003
410396
88923
238709
913935
654299
502204
560830
558181
190952
561011
729287
998004
894538
515047
986340
434871
546605
389962
8430
317753
882967
120532
973715
597667
142872
960199
10356
19298
977938
792758
30547
884919
559530
663552
111667
564511
512989
100012
171602
806575
352154
225304
666807
690413
88535
836136
990337
402733
875859
304268
819422
46828
830977
543758
362379
246727
456441
97148
270101
809113
876605
173208
38226
803027
412314
899882
162397
759753
401713
607764
507245
502917
52026
761882
348641
455755
56131
592570
51349
130426
891145
883665
72339
934149
652825
498076
85074
882227
695636
856779
618721
599107
540321
836572
489375
415344
914260
930617
16223
323894
855678
157131
231818
722046
463404
855453
959409
811474
434289
936852
715045
160732
3406
281522
867501
591152
983594
789912
726878
211533
159706
770405
992567
212754
444209
328069
271397
264049
286290
220103
144235
186444
319174
731345
704434
75385
40460
432764
366081
66923
859179
409611
983744
114521
842641
391682
143326
446701
3914
2664
147308
864647
449868
373935
670247
377906
226359
789972
282351
817114
40843
657989
550400
956997
768903
837108
585437
204222
788589
859875
463789
995533
157258
184956
138916
192305
471388
26216
8643
48772
952833
12292
561718
687590
517398
744344
675197
737018
546811
17378
414315
890951
886923
418076
356918
776607
225269
2368
970412
503635
793937
938615
911661
673574
802302
185119
786606
289323
379395
113107
307701
504839
375259
227348
632578
478573
615414
514508
126543
191117
95793
693181
658063
1289
25127
635720
835737
701709
351674
866263
151771
634131
512363
921734
307920
539382
774310
683155
56509
33693
968707
845889
877826
129267
652336
448483
159389
647108
490752
507509
287547
732625
35156
170415
915069
302106
729376
313459
33497
228577
894921
499618
704049
705967
149656
199921
152222
688842
277371
864115
921028
817498
226617
4804
572449
248482
756712
577462
528529
65044
447195
431096
3244
50998
706953
300912
926910
867531
161847
287691
734947
745481
662712
311281
845793
610169
459425
603262
486094
834878
992732
856424
874648
374085
489942
118467
792308
886399
52375
133533
388218
573618
289659
900108
910371
290117
779734
408333
396192
844398
267173
102335
565489
473168
255191
709161
802923
946811
891453
263354
415813
310035
593877
427344
982885
81837
165924
896829
27121
221391
276970
100152
419118
819305
25294
482820
232314
85611
169943
496228
146792
93728
892356
311650
706727
412599
309907
744478
87708
425133
986675
997941
669361
762893
547389
837221
820325
690745
153659
82280
968936
622781
222913
871617
604362
293032
123578
510695
654293
932260
604703
416115
8323
986460
200527
460494
472700
924395
594893
6074
650602
14205
749128
369226
727321
518620
452484
501340
731157
933472
938444
914089
10358
998257
466940
802440
696123
272244
62184
511130
175787
168445
41366
84115
973895
414794
841502
283788
211120
883506
662672
746219
177424
48094
536038
586945
847444
418534
814803
304412
137492
43438
674460
806269
825405
251318
997044
95415
979644
937507
868028
23325
234221
234018
508705
156695
640182
626084
676337
63858
555493
470992
860515
307669
799506
750222
101275
650200
573425
492701
465251
876441
883657
752919
820559
19056
946499
657954
406910
740703
391174
300963
521760
656672
723687
252824
829423
908548
152436
899588
882976
150459
642371
753537
755875
116798
176692
660509
336934
780688
365715
797466
941191
830185
469011
546633
460904
810803
941329
382622
154834
318896
785099
680801
949699
421543
86018
245610
716483
654553
83761
220047
561843
163611
161077
28873
436179
623417
14537
110148
880494
646622
625448
827084
160475
890787
576799
761024
978526
886822
479154
418181
666910
103372
511811
19548
96585
730131
545383
949492
431883
31320
249695
105043
597024
852328
135916
825153
580565
382683
401155
224328
198963
755784
272306
477966
388422
848918
602067
398554
601509
978223
440286
61810
791174
751672
421290
796218
594321
556355
42315
316875
555975
42947
265093
388915
57542
704114
564792
715000
31064
936117
176448
593147
682075
553027
389611
375005
210167
392348
197676
781549
641554
199766
391446
668926
570276
227438
897109
348124
797154
527181
633899
268772
570211
996479
938044
712886
393614
419546
250559
330788
572291
83940
44900
544136
879249
893283
662581
109091
20049
776276
239350
376000
568419
342341
511601
263851
613327
307446
694977
665749
28058
307030
660955
759302
501643
57154
961308
478713
634460
391006
466279
239246
237179
597026
943774
218133
253596
956086
717340
283963
838568
183778
846316
959768
27856
959514
332973
727932
354843
75737
587257
802023
135129
3005
683259
333022
848206
973997
314865
508642
665973
762686
27691
964775
635461
6629
641320
286494
926872
490822
346610
724259
760850
819473
939193
664633
839169
540924
476815
245762
969815
452742
739954
649770
337728
370566
948614
848176
614468
268128
666005
551256
285083
464908
316187
581360
837644
189774
647458
208087
838501
447422
644382
81349
380466
585482
937573
398182
597854
927660
326538
349384
35088
549508
4510
972761
448392
306990
671510
794807
823270
84698
610864
80546
891093
948049
327585
528671
668966
339371
541960
201657
999410
491569
102552
592443
185458
375879
433451
555373
777674
232619
162256
787686
842906
97988
253286
760581
840826
399370
311532
997057
92342
632712
915977
280063
989155
21154
130808
120821
310789
405467
317317
554565
63022
581758
274271
348297
28306
66555
350559
154547
21208
975915
488509
484454
382557
977719
259363
931892
420367
4840
507522
199315
983580
730118
595426
638238
854753
154843
792120
416914
99008
234729
839012
164210
796831
294995
770043
280466
91192
440967
910795
944583
386870
960685
657974
519374
702520
888793
63863
372506
365059
887982
908321
146099
987102
996224
240776
128386
353909
645281
847718
481783
966413
579983
776158
589162
408861
969136
195069
622106
935389
660030
401288
217152
243822
170530
487963
33036
840128
629696
43621
353258
801186
541776
918476
488027
411399
742173
915568
906738
558916
97394
982882
91182
550338
175491
368577
814403
709246
884905
741047
24809
104770
600307
209388
261276
714769
922717
849358
50259
764081
993413
846966
47623
595411
352637
963184
609839
265292
725662
34510
968171
965773
177964
363324
490842
678430
148127
489966
159850
476092
99984
761585
835291
691546
327885
72140
999374
601181
832870
700148
764626
939978
878949
107357
275227
471636
439864
690170
296983
520009
528127
479027
224064
458872
345407
885350
516360
974912
773261
460257
699287
809648
99003
172116
729055
354867
226965
425838
815161
890085
807799
468893
599711
832885
203791
555276
852733
315375
250290
907266
192411
534644
922139
39278
277656
247565
435874
255830
695742
330394
895482
454881
529899
783324
936455
802433
413055
926988
979140
886886
877914
187842
458285
700938
200074
710697
677320
462297
647492
876011
394851
639903
52333
50495
407480
123788
792434
255681
238608
809322
923080
653491
405795
303553
981205
280278
556038
682782
971999
272750
727010
851845
898898
65319
581136
499729
4837
317899
476275
231517
350359
957235
166370
814612
156316
197641
668599
145105
527636
198822
993000
108786
722221
201679
696260
925538
723941
52199
879990
796917
127665
74390
708121
343625
197296
206093
745658
972598
483413
524669
959021
58687
92832
561310
690289
32155
677066
183472
128249
780712
379696
63362
578892
916165
672015
362322
764164
627082
965955
814042
334312
193063
893829
597622
718926
624959
379564
342424
863776
33129
41494
570625
566428
46712
114458
481599
396725
538644
306530
706569
763809
433341
201155
688802
705477
266639
258847
932747
459400
789086
49301
90516
489459
839860
752942
966703
778034
259784
378516
827249
611970
651067
193820
488367
909622
374353
174084
152614
911207
927401
31185
152803
646311
163705
250004
390236
445488
448719
131143
762082
866905
537852
98337
410546
822629
674946
580178
871074
137818
813827
695905
554296
440525
386684
771702
569205
592668
800580
288189
546606
84326
959976
703734
920989
679018
294097
728828
262070
429118
537027
403816
449859
302900
494520
56786
113768
82309
406459
458645
96501
233964
851101
7199
901821
744036
662266
326903
604611
409040
360968
359542
684644
846936
691729
761735
972831
988312
716547
266174
492432
351248
706220
959216
945404
585978
840957
65440
579539
546734
956075
639861
36636
99008
966609
230956
408571
17725
684192
678144
23540
341277
554890
836500
651798
56979
441385
738382
435501
250884
738566
100129
297222
681370
338094
434977
943679
276932
386836
382742
301400
275863
779708
865856
304100
66574
943869
653355
345898
35689
66871
610777
945858
211544
993269
735403
104443
883871
252653
133624
471092
394378
188437
871024
918863
214421
255387
345125
560927
492543
823387
944248
749433
403433
279720
62067
819918
727851
624124
611430
249233
292362
193523
228279
377817
507438
384029
870482
831561
326322
825290
476681
96013
421335
995685
188515
204802
981568
591467
818720
936479
303653
670078
367969
573358
935389
872463
767655
24983
923974
523401
609219
628174
173091
915685
387605
601979
64238
421964
892603
879054
345863
894578
835919
613485
564606
514910
23068
656264
677970
508995
262776
54232
820481
565896
735092
413276
606525
275399
512745
25294
333173
563256
302303
570213
41790
167804
957964
160789
1362
374843
324007
602079
329314
679469
936567
311731
82171
88938
675841
819
846630
225907
898996
378138
594758
48385
825657
404316
