937284
335662
538823
717976
685595
39075
179970
544464
31531
110716
352477
990994
738957
481034
417648
279958
129446
590296
535587
565386
5081
461430
467978
210327
123769
299185
906279
272703
903507
715919
194724
58038
533212
344954
140
794914
120408
395203
76385
16895
631972
213296
894248
209727
638654
970174
669342
211065
652929
469959
438616
715826
209973
869970
822121
264989
681760
592909
859529
579117
723146
486772
508892
791835
980726
504905
601402
807419
904810
329232
578624
767535
560449
511735
588316
272923
384713
373866
176768
279152
908508
572462
38282
339909
647499
730995
188035
911424
883694
852820
631175
988836
39304
154222
420548
952406
186876
702052
581305
470074
355241
634014
617597
225334
201132
804444
946642
490481
574326
626597
615882
43703
269413
617581
309691
741989
106558
815625
281131
390791
129292
967338
145377
806479
826935
48871
190919
932110
269729
123749
836007
316901
561674
680972
101305
651075
752110
267431
893668
381273
64605
72951
961022
577555
703030
997425
864724
97940
248117
246060
479145
108083
544988
123729
738445
906087
235817
960309
822971
507074
203845
620687
528666
522156
696440
880640
477439
504472
284392
366767
850275
718782
950722
598864
193876
191515
559038
363723
459768
447432
729506
466261
177159
511346
858052
687642
731714
705355
784591
269374
510926
978511
797356
490772
574973
944697
992411
594332
247652
51402
656888
699727
966134
72952
773930
2619
913093
277431
358130
348813
995800
611950
315378
597250
755374
162734
975173
226175
632291
634820
574155
883622
553020
729099
727647
909657
708048
177768
293954
119684
693462
764067
316992
599298
271517
486136
377417
985707
144852
469333
13075
309667
999447
842121
76190
28127
834493
537423
131601
729702
786735
278831
715664
690454
452777
932027
314133
197817
475506
417659
905455
423734
168263
107505
890940
708138
85454
302610
939444
526686
333580
231967
366490
926459
599916
827300
738537
253016
883338
457701
300186
703471
666032
945862
770950
353422
972141
500674
73694
410669
990541
916248
435246
474367
643095
451743
164599
333522
312700
750925
429365
748386
440603
690153
834181
474730
950481
319828
988200
825574
388958
372838
612232
466761
980070
527417
311879
424903
707059
912748
326096
23243
208648
479919
344066
150030
52053
422249
627009
883032
797698
910177
591522
838094
986770
285693
12263
753750
840637
224742
224513
314389
906404
773000
316498
48776
603095
698869
576131
469789
399086
809384
113479
452340
402511
57524
137027
680571
917070
390551
660063
874621
431208
455482
261404
566722
731506
481920
612092
172116
884352
297161
856577
309188
530272
869275
490117
824341
154551
525679
10032
801835
382827
427853
353006
376275
522697
929784
934026
134580
340084
740046
570251
910522
420072
933942
915058
805999
503480
715381
963259
321613
520181
69530
44632
55703
876285
577491
980109
616451
384897
888860
620253
570636
810591
591420
130861
564490
52257
90577
806516
992849
561175
581651
875835
182321
399854
739397
400695
909295
344976
383356
177537
195407
686519
508731
55165
484546
755119
449430
555024
954957
63491
226786
728310
26248
428336
752600
670296
586010
461144
72672
948863
170726
938927
364574
527309
972685
997926
220089
507356
953698
284702
850592
443681
891501
971355
138644
253325
90705
722158
407777
809141
233256
792519
454205
193232
120528
578626
933680
143332
476402
729769
783837
554201
894790
730298
933121
662708
986186
908860
10751
732296
670334
851623
614167
721773
780579
58789
89313
211487
746337
506658
655113
157053
881511
768611
806425
329527
392105
268882
768568
464596
305932
345349
32461
61152
143690
633810
21828
539717
996063
548817
918994
933752
164441
930696
969335
417472
518281
103681
294282
851423
6173
673212
411228
716607
524687
904756
539
635353
740022
618773
788069
880177
705590
585021
475679
322914
821099
20866
877133
648586
510645
378591
880273
37438
529157
391037
12803
918305
275224
307387
928841
57775
154642
95876
169265
658902
303239
490322
762986
882359
388358
823916
538264
955089
395068
629539
686709
953779
208530
999218
217089
12852
226496
583910
341669
860878
435402
611479
64877
47423
831392
321817
305051
96231
619503
761979
777983
588680
991690
706502
314407
7032
893082
610396
514835
668721
976419
266294
148933
596581
160851
209622
154027
879345
428417
758798
696675
173825
140780
58414
777618
204017
893970
525549
975433
822909
652677
455558
531978
299127
544435
566046
735114
595292
631927
372486
526034
242888
162441
374513
894813
332488
290385
498381
411926
72738
242804
479512
62108
873152
880160
594071
882304
937198
401026
787841
718720
41100
540857
123186
251285
912064
262710
983432
251999
572542
99829
688286
532703
724020
804688
581645
387073
683870
429845
270182
645657
7670
213953
889089
570839
538169
393773
3336
864025
237810
641523
635987
834660
861188
349477
331169
295498
184581
341458
574131
903680
658990
805160
606636
687972
166520
326661
118702
94832
271775
272929
574545
56091
948068
988313
4100
212635
347562
633294
300950
583839
885248
872971
135078
278863
745422
966
942109
560027
377335
807808
788314
674392
406522
687513
201226
743327
940689
404269
91037
285233
451394
612416
184556
243658
398700
403715
80704
146012
287799
93769
321432
291005
444385
618341
119810
305649
57808
633489
926910
794305
320310
669980
859565
162987
43094
574249
487713
846455
437471
331702
561442
152534
146836
453228
901194
209036
60914
724238
128497
372740
120840
786742
463963
858399
625656
818571
932631
366540
670388
192393
464966
682094
861353
238442
420155
32432
992067
195953
738504
643696
842201
49511
163576
449839
277051
59618
829848
237261
954813
372363
69046
705776
662220
402266
149049
662544
525210
399097
909799
745902
678898
851888
595805
377194
420462
904297
630931
784810
20940
876434
2374
223675
839314
606467
91273
753060
258888
602071
99351
770321
11679
167466
924881
719728
240024
623846
947122
767367
463538
201262
877334
564106
597690
204903
593506
551913
958957
973295
794119
34932
935976
898762
527555
302972
877936
124944
495886
646731
724180
652715
928705
117782
68301
151260
295754
369801
994930
271988
106904
110490
684230
847098
268286
895869
797225
789070
544618
909808
622256
899129
327100
281823
583825
4517
597465
498567
627201
938681
383650
542398
717360
549975
620501
291311
469423
764313
279652
798894
311286
248860
747613
816069
571501
258870
511800
109403
556799
227111
953350
28165
700924
325061
20711
690807
367488
990022
180999
589946
19855
124095
984410
643707
888272
362180
255622
964012
601043
235949
936639
393097
241551
767122
279656
881239
391464
389409
161926
706155
860472
449070
807602
190295
94501
570200
676937
719122
660238
614361
80125
929588
714227
640748
92481
45914
515435
978509
810901
901364
340212
873314
312884
935397
313279
761011
787437
679514
366691
807004
947542
365082
896811
329946
79292
477772
198352
517334
964226
776173
295946
204538
972641
93965
371055
822504
119657
700461
76273
606690
165559
677940
