629776
688436
778601
406467
233448
941991
999226
961284
882824
686840
15636
796313
740727
65989
95340
167059
383085
20071
368383
738008
896318
963704
165595
225829
723948
256839
170634
616661
632692
355581
742318
311279
888678
186414
252991
365935
436449
901709
73780
966417
986559
745678
126842
266520
679819
641430
810810
286029
322795
662946
621254
764416
963870
743201
4053
195126
168177
257093
658968
465719
980121
104526
25054
669719
870560
518616
465057
710263
614150
354924
841384
598463
901233
156048
754327
974155
44493
299815
915332
231116
448518
415716
507492
469488
117073
241542
553123
789417
383982
264237
954799
405306
227178
811963
461105
844000
429536
150342
873897
10762
