55
421
1086
1876
2365
2389
6043
6942
7192
8845
10914
11197
12915
14529
14740
16974
17015
18064
18795
19080
19710
19759
20128
21462
21526
22436
22469
22747
24013
24123
24850
25087
26333
26964
27644
27988
29653
32489
37355
37710
38456
38878
42012
42126
42273
42918
43322
43706
45657
45998
46213
47762
48124
49188
49419
49520
50860
52261
54350
55345
56986
57120
58580
59065
59080
59641
59870
60769
61278
62125
62265
64815
65453
67008
68569
69637
70217
70380
70716
72103
74899
75542
75863
76370
76517
76642
78620
78866
80547
82628
84105
85219
86549
87167
89503
92170
92222
94023
94390
95517
99594
100718
101148
103528
105441
106729
108440
110072
110569
111701
111998
112075
112539
113959
115073
116012
117078
118236
118406
118917
119702
119763
121956
122386
122515
123091
123238
123396
123425
124542
125340
132383
132714
133839
133917
136912
136946
137179
142035
142309
142465
143718
144110
146570
147503
150560
152385
152394
152624
153279
153915
154916
154989
155269
155698
156362
159000
160111
160276
161337
163115
163968
164457
166566
168049
168519
169059
169601
169981
170191
171949
172062
172828
174110
175565
175927
176138
176508
176559
176786
177090
177705
179394
179897
181320
181780
182309
182367
182670
186603
187144
187287
187430
189890
189927
190874
191256
191379
191479
191976
192133
193013
195578
196354
196431
197765
198338
200471
201431
202462
202774
203613
205830
207498
208295
208818
212034
212187
213451
214163
214335
215008
215426
215838
215958
217745
218080
218877
219033
220989
223181
223708
224487
224506
225798
227466
227926
228462
229619
233497
234331
237338
238156
243022
243976
244260
244397
244419
245631
245924
246447
248754
249402
250148
250558
252019
252862
254341
254745
256417
257522
257802
258105
258307
260315
263367
264146
264392
265952
266634
266830
267322
268904
272344
273740
275734
280227
280334
280678
281576
281918
282440
283130
283498
283794
283911
283977
284260
284944
287258
288743
288803
289121
289910
293061
295754
295991
296149
297060
300167
300318
305058
305199
305434
306089
306189
306342
306535
306909
308032
308788
308913
310051
314410
314429
315717
317343
317768
321076
321983
322155
323144
327495
327554
327728
327738
327851
329131
329295
329678
329732
331937
332212
332796
333016
334827
335035
336033
336236
336320
336948
337519
337628
339892
340246
342067
342212
346456
346834
347614
348107
349621
350000
352820
356470
357357
358710
359972
360203
360405
364519
364768
366423
366493
367800
368061
371424
372178
373626
373644
374323
375364
377252
378850
380294
384054
384232
385033
385773
385881
388107
388296
391635
392456
392698
394056
395859
396062
400262
400312
400427
400812
402829
402860
403113
403450
403733
404201
404326
405644
406611
407930
410669
410799
411120
411932
414518
417390
420670
422609
423940
425063
428819
429641
429770
430257
431089
436119
436659
438496
440376
442248
442432
444708
444861
445498
445681
446277
446829
447203
449194
449787
449966
450349
453224
454380
455686
460779
460914
461287
461377
462357
462532
462757
462884
463052
464587
465935
468232
470386
471739
473663
474165
474608
475592
475901
475928
477776
478401
479898
480782
481058
481418
483300
483666
484597
488350
488984
490041
490258
491132
494503
495944
498169
498642
500210
500792
501464
502635
504367
505651
505824
506799
507169
507726
508016
510427
511834
512103
513409
513975
514762
516709
517013
517758
518755
519193
519952
520417
521178
521181
521272
522417
522690
523358
523540
524614
525682
526334
527425
528422
529042
529911
530786
531069
531776
532215
532523
533472
537320
537339
537712
538269
538546
538913
540060
541011
541188
542278
543369
546133
546985
547898
548850
548859
550235
552321
553479
553769
554299
554451
554877
555206
555262
556680
557610
557892
560309
560351
560592
561192
561421
564162
564670
567504
568283
568865
569201
570348
570501
570996
572133
572654
573445
575248
579077
583245
585282
585846
585995
586901
587480
587921
589363
589623
590385
591038
591093
592047
592245
592696
594559
594995
595164
597009
597652
597675
598172
600013
600967
602031
603237
603658
604474
607068
608107
608115
608572
611944
612618
612775
613382
614945
616402
616454
616678
619003
619116
619448
621590
621641
622797
626156
627828
627842
629230
630269
630750
631909
631958
633758
634752
635715
636587
636905
637447
637677
639285
639319
640465
641660
641905
642126
643390
644660
645701
645985
648645
649580
649694
649983
650847
653576
655403
655786
655869
656307
657595
657833
658161
658265
659738
659777
660955
662522
664466
666011
667028
669011
670033
670637
670763
671562
674365
674547
676075
676591
677646
677957
678487
679956
681496
682583
683413
683834
684273
684708
686084
690800
691905
693198
693920
694394
694850
696346
696652
696933
697506
697590
698279
698807
700157
700634
701244
701820
701978
702224
702351
703790
705633
705732
706164
706253
709453
710260
711306
712597
713335
713448
716105
717177
717798
718301
719460
719856
720298
720847
721988
724687
727586
728735
729101
730532
730729
733554
736258
738127
738907
740107
740111
740757
740916
741656
741857
742307
742988
746282
746349
747831
748563
748800
749616
750215
752473
753447
753808
754292
755171
755693
755757
755876
757169
757269
758555
758572
759854
761659
761726
762578
763050
763154
763375
766562
767352
770416
770506
770780
772866
773240
774402
775474
775820
776028
776676
776917
777770
778768
778996
779623
780854
783940
783971
784257
786798
787497
789941
790391
790573
790992
791277
791355
791394
791492
793064
793895
794072
794726
796540
799757
799767
800380
801285
801852
802181
802227
803006
803954
804238
806797
808035
809199
809402
811687
812207
813715
813726
814833
815136
817004
817098
817617
819055
820469
821378
822347
823508
824818
825053
825398
827176
827318
829103
829319
830663
831168
831330
832880
835031
835762
836633
838921
838990
839441
839732
841699
842497
843975
844526
844595
845231
848215
848432
848776
850489
851431
852166
852429
853935
854213
856973
857041
857607
858465
859267
859343
859443
859745
863261
863836
865349
866522
867466
867600
868164
869469
869871
870657
871696
871754
872699
873251
873526
873534
874506
874984
875145
875664
877255
878957
879192
883239
885116
885262
886788
886854
888209
889009
889447
891430
891633
892368
893268
893646
894592
895192
895250
895529
896616
897085
898390
899097
899586
900437
901779
902851
903094
903734
904562
905397
905427
905540
907250
907484
907520
907576
908302
909153
909436
910088
911132
912621
914124
917786
919221
923381
923959
927442
928064
928296
928767
931960
932779
936979
937331
938717
938961
939194
940262
940365
943234
947985
948320
948646
950068
951252
952076
952910
954033
955595
958008
958693
962069
962970
963170
963539
964847
965651
966478
969998
970815
970965
971226
972752
973159
975075
976778
977101
977152
977450
979728
979895
980602
982531
982703
984057
985651
986096
986546
986822
988568
989737
989788
991788
993444
994022
994231
995644
996082
998231
999830
