19385
71008
85157
86582
87191
116201
123061
132039
138904
140707
144205
145554
166371
171185
174027
184022
209003
213386
256051
266812
269669
272145
281022
291726
300611
305193
306107
307899
312182
341957
356884
358700
360971
362252
365013
365771
377661
396093
405011
410417
461917
497635
501233
511853
524460
541148
543617
544936
546160
595761
605109
607492
610554
616445
618511
626583
658409
662447
664584
665619
669983
677983
681603
682930
687449
688183
705630
743346
746297
754474
767258
768113
778533
794933
810061
810902
818379
823181
848028
863801
865360
867079
881543
886350
887419
896131
909936
912208
913797
919689
921065
925637
932025
935503
953000
959067
967416
971463
977816
982307
