151
259
340
404
439
634
695
756
989
1006
1189
1447
1464
1686
1791
1796
1962
1993
2009
2044
2058
2182
2185
2391
2450
2695
2920
2980
3013
3047
3153
3387
3505
3541
3550
3625
3656
3674
3770
3894
4011
4052
4111
4114
4269
4385
4408
4453
4778
4786
4788
5071
5074
5246
5288
5496
5522
5580
5801
5803
5868
5914
6044
6077
6177
6310
6426
6489
6526
6534
6652
6724
6813
6871
7087
7471
7498
7596
7682
7875
7979
8030
8087
8201
8427
8462
8511
8615
8633
8684
8735
8793
8909
8971
9322
9440
9590
9611
9917
10143
10162
10183
10305
10353
10412
10773
10840
10843
10923
10973
11074
11241
11328
11599
11626
11648
11710
11784
11791
11827
12091
12114
12321
12450
12488
12499
12507
12688
12721
12886
12985
13133
13207
13314
13358
13465
13670
13679
13778
13934
13945
14079
14357
14373
14414
14789
14818
15007
15242
15356
15387
15402
15475
15479
15554
15594
15667
15935
16081
16223
16270
16280
16337
16469
16561
17122
17281
17337
17367
17372
17596
17703
17704
17758
17944
17997
18100
18244
18360
18459
18473
18489
18571
18587
18615
18727
18893
18906
18916
19008
19014
19215
19216
19252
19278
19733
19826
19842
20136
20179
20319
20455
20630
20896
21133
21288
21404
21496
21700
21725
21882
21909
21968
22003
22036
22060
22096
22244
22292
22480
22552
22574
22581
22599
22616
22643
22827
22829
22900
22908
22947
22962
22965
23016
23058
23333
23407
23454
23905
23966
23990
23994
24048
24141
24188
24192
24299
24301
24488
24521
24815
24829
24840
25074
25083
25145
25256
25259
25262
25513
25528
25532
25547
25572
25670
25772
25838
25884
25942
26083
26114
26133
26291
26309
26410
26418
26507
26585
26630
26652
26740
26757
26835
26953
26985
27142
27146
27274
27688
27765
27778
27807
27836
27891
28164
28315
28347
28362
28404
28448
28485
28503
28732
28752
28793
28902
28966
29188
29250
29282
29331
29479
29523
29570
29577
29599
29619
29719
29795
29814
30131
30300
30323
30425
30438
30449
30474
30758
31032
31083
31097
31147
31179
31193
31244
31245
31703
32050
32102
32310
32411
32561
32576
32686
32913
32934
33092
33405
33645
33725
34212
34344
34346
34486
34657
34735
34766
34791
34860
35053
35233
35391
35411
35425
35441
35454
35506
35638
35666
35688
35781
35873
35874
35896
35914
35926
35974
36311
36369
36527
36629
36722
36757
36771
36824
36927
36964
37204
37294
37308
37398
37403
37485
37488
37527
37610
37810
37836
37896
37982
38000
38165
38279
38300
38345
38349
38377
38587
38761
38805
38816
39212
39424
39524
39576
39595
39798
39872
39921
39924
39949
40017
40087
40471
40601
40622
40724
40801
40807
41274
41774
41798
41884
41924
41969
42051
42210
42650
42680
42730
42751
42762
42827
43054
43313
43355
43683
43771
43856
43861
43905
44148
44319
44377
44522
44900
44963
45399
45426
45726
45791
46118
46164
46222
46288
46468
46524
46547
46564
46707
46746
46774
46785
46814
46887
46961
47035
47091
47164
47484
47518
47636
47705
48190
48196
48223
48270
48277
48385
48435
48555
48684
48824
48847
48848
48994
49218
49339
49449
49480
49537
49684
49970
50228
50336
50483
50568
50634
50783
50988
51117
51185
51283
51443
51473
51522
51664
51781
51885
51988
52055
52189
52206
52304
52435
52457
52559
52569
52708
52744
52787
52797
52855
52913
53010
53023
53051
53167
53329
53394
53683
53781
53965
54091
54206
54235
54454
54550
54619
54972
54973
55015
55024
55032
55171
55514
55762
55798
55876
55967
56144
56192
56238
56275
56292
56295
56351
56440
56625
56746
56875
56992
57011
57072
57220
57286
57294
57347
57416
57461
57523
57882
57963
58060
58092
58432
58443
58509
58593
58721
58730
58973
59003
59081
59210
59327
59438
59588
59610
59731
59843
59913
59952
60064
60110
60118
60147
60280
60294
60425
60449
60650
60678
60689
60734
60843
61185
61248
61288
61418
61455
61631
61696
61742
61833
61888
61951
62254
62260
62280
62306
62394
62549
62576
62853
63258
63341
63387
63407
63663
63700
63831
64003
64046
64498
64580
64655
64708
64734
64860
64875
64877
65147
65340
65446
65585
65854
65976
66029
66097
66153
66371
66374
66633
66783
66862
66918
67043
67133
67140
67169
67178
67187
67342
67486
67624
67776
67788
67947
68086
68188
68469
68658
68703
68732
68877
69011
69021
69030
69061
69217
69312
69335
69458
69532
69544
69702
69780
69990
70129
70161
70351
70373
70458
70553
70557
70660
70834
70841
71280
71612
71640
71811
71981
72059
72059
72067
72204
72278
72543
72634
72751
72763
72825
73022
73037
73207
73277
73380
73427
73547
73582
73632
73636
73757
74254
74448
74504
74515
74523
74730
75086
75118
75120
75146
75429
75441
75479
75505
75550
75566
75860
76277
76289
76522
76636
76728
76731
76832
76916
77053
77072
77287
77450
77512
77529
77645
77648
77800
77801
77814
77851
77911
77987
78107
78121
78215
78237
78253
78309
78327
78357
78451
78488
78563
78695
78707
78821
78821
79271
79318
79518
79524
79833
80199
80282
80539
80777
80786
80824
81099
81183
81292
81533
81566
81578
81586
81643
81672
81816
81827
81847
81889
81966
82046
82088
82114
82279
82391
82527
82602
82630
82692
82721
82935
83133
83184
83226
83369
83420
83465
83505
83693
83752
84023
84075
84200
84212
84334
84633
84872
84950
85015
85078
85095
85150
85413
85610
85682
85774
85798
86172
86195
86423
86424
86439
86574
86785
86877
86892
87047
87370
87384
87431
87471
87601
87695
87791
87936
87960
88071
88129
88139
88239
88326
88363
88366
88530
88603
88692
88777
88960
89031
89260
89331
89337
89347
89367
89462
89766
89923
89970
89987
90192
90308
90356
90440
90448
90642
90695
90717
90737
90883
91010
91213
91217
91239
91247
91275
91546
91741
92000
92063
92256
92380
92448
92549
92708
92930
92972
92997
93117
93164
93219
93241
93440
93518
93567
93583
93684
93750
93959
94104
94105
94325
94470
94506
94662
94804
94953
94970
95075
95099
95208
95534
95580
95646
95791
95916
95923
96056
96061
96072
96248
96364
96448
96506
96574
96599
96620
96967
97038
97196
97302
97368
97398
97401
97424
97448
97680
97739
97797
97831
97859
98007
98023
98042
98115
98474
98582
98774
99081
99744
99788
99937
100027
100186
100238
100284
100412
100434
100461
100511
100545
100781
101031
101119
101192
101250
101272
101386
101397
101596
101633
101655
101665
101756
102011
102049
102268
102303
102318
102344
102365
102422
102654
102675
102795
102861
102908
102988
103194
103255
103501
103687
103772
103815
103850
103930
103937
103978
104051
104199
104273
104300
104314
104440
104446
104547
104754
104775
104795
104943
104965
105188
105442
105480
105519
105708
105856
105949
105950
106047
106099
106111
106266
106275
106435
106446
106459
106572
106678
106682
106774
107035
107111
107520
107611
107985
108083
108220
108340
108441
108465
108530
108694
108715
108827
108867
108936
108942
108992
109026
109236
109331
109524
109849
110049
110116
110307
110417
110437
110462
110536
111090
111116
111292
111716
111737
111768
111798
111907
111917
111922
112011
112159
112181
112209
112231
112448
112465
112564
112566
112640
112686
112690
112717
112809
112886
113012
113129
113143
113413
113655
113662
113668
113696
113779
113882
113928
113956
113959
113972
114171
114226
114354
114372
114723
114742
114815
114966
115122
115167
115173
115223
115381
115530
116183
116186
116275
116374
116525
116528
116752
116775
116904
116957
116995
117032
117182
117393
117569
117625
117814
117831
117906
117926
118029
118091
118398
118406
118453
118783
118907
119097
119288
119398
119450
119471
119487
119534
119565
119849
119953
120047
120198
120242
120252
120351
120587
120641
120709
120733
120762
120887
120938
120996
121224
121426
121476
121505
121538
121553
121558
121716
121882
121944
122223
122226
122251
122309
122403
122597
122720
122780
122794
123082
123515
123625
123945
123969
124014
124304
124344
124555
124572
124618
124707
124710
124808
124926
124937
125065
125290
125562
125596
125694
125768
125794
125796
125824
125947
126139
126247
126270
126416
126483
126537
126564
126596
126623
126668
126697
126807
126953
126973
127026
127241
127270
127352
127534
127620
127673
127871
128142
128172
128425
128508
128594
128682
128739
128768
128787
128927
128932
128956
129275
129359
129449
129469
129470
129690
129856
130040
130409
130440
130502
130619
130678
130820
130888
130912
130976
131200
131221
131242
131437
131544
131684
131723
131923
131981
132094
132104
132202
132208
132256
132379
132416
132449
132523
132705
132779
133012
133172
133432
133449
133538
133647
133676
133712
133858
133881
133963
133985
134013
134021
134047
134087
134098
134102
134106
134181
134237
134275
134362
134365
134396
134459
134571
134650
134667
134745
134747
134832
134870
134918
134938
134975
135115
135149
135358
135482
135652
135758
135862
136206
136265
136333
136379
136606
136671
136706
136757
136785
136839
137021
137022
137052
137162
137320
137450
137507
137557
137577
137666
137759
137838
137983
138162
138184
138205
138287
138452
138534
138618
138739
138763
138839
139011
139017
139256
139270
139272
139281
139380
139519
139616
139702
139736
139824
139932
140201
140279
140383
140533
140610
140636
140970
141068
141198
141221
141356
141460
141556
141576
141740
141976
142172
142377
142539
142546
142643
142677
142729
142767
142768
142828
142909
143007
143038
143162
143209
143356
143584
143618
143910
143982
144162
144231
144372
144401
144417
144427
144810
144818
144911
144977
145070
145181
145335
145437
145438
145582
145623
145640
145799
145938
146376
146453
146509
146559
146597
146670
146713
146732
146827
146855
146958
147168
147330
147337
147365
147416
147486
147629
147722
147851
147933
147988
147998
148004
148141
148197
148259
148270
148592
148659
148677
148719
148759
148832
148887
148987
149016
149282
149410
149478
149588
149770
149963
149984
150078
150435
150492
150505
150756
150816
150937
150939
151035
151049
151393
151477
151628
151750
151827
151947
152201
152237
152598
152797
152969
152970
153035
153203
153335
153438
153463
153480
153506
153598
153646
153848
153903
153986
154033
154107
154253
154316
154354
154491
154538
154601
154636
154850
154855
154877
154987
155016
155332
155403
155838
155933
156035
156081
156105
156112
156157
156178
156210
156367
156459
156471
156710
156881
157394
157525
157626
157726
157739
157787
157805
157866
157888
157983
158018
158164
158210
158379
158709
158722
158753
158804
158830
159048
159116
159286
159428
159503
159510
159604
159652
159670
159712
159729
159838
160142
160270
160283
160693
160762
160831
160997
161112
161120
161214
161393
161434
161520
161571
161905
161915
162048
162115
162327
162351
162383
162485
162533
162792
162894
162971
163219
163230
163305
163318
163349
163460
163693
163696
163809
163825
163826
164005
164154
164297
164346
164372
164688
164702
164779
164818
165221
165296
165350
165448
165475
165729
165733
166000
166146
166302
166447
166519
166592
166662
166856
166894
166978
167028
167311
167316
167330
167336
167362
167367
167538
167572
167576
167579
167765
167770
167810
167953
167994
168319
168423
168575
168626
168631
168636
168659
168762
168887
168901
168921
169052
169415
169473
169561
169788
169811
169832
170017
170230
170236
170269
170456
170642
170825
170923
171013
171104
171149
171224
171264
171304
171334
171514
171667
172150
172154
172357
172440
172497
172557
172596
172621
173025
173033
173074
173088
173231
173300
173304
173404
173486
173553
173650
173875
173921
173957
173997
174044
174050
174115
174206
174330
174449
174566
174596
174617
174621
174690
174829
174848
174870
174990
175041
175092
175135
175139
175146
175154
175213
175326
175402
175545
175548
175761
175765
175799
175887
175929
176167
176288
176290
176410
176434
176554
176810
176878
176945
176988
177100
177173
177201
177428
177498
177661
177661
177663
177699
177769
177800
177882
177936
177950
178122
178231
178300
178456
178481
178614
178664
178680
178687
178832
179008
179035
179069
179230
179361
179394
179448
179537
179636
179643
179671
179687
179878
179878
179918
180061
180100
180138
180223
180240
180311
180326
180559
180595
180632
180645
180667
180669
180678
180816
181052
181079
181079
181110
181181
181217
181246
181427
181616
181777
181962
182072
182166
182299
182380
182561
182579
182592
182922
182955
183095
183149
183172
183350
183506
183728
183749
183871
184086
184194
184231
184251
184327
184385
184504
184512
184559
184576
184628
184686
184868
184973
185159
185208
185236
185369
185417
185539
185684
185727
185836
185874
186139
186227
186243
186355
186491
186567
186665
186670
186736
186948
186968
187037
187041
187256
187325
187381
187654
187664
187723
187906
188074
188154
188286
188297
188341
188420
188694
188757
188782
188899
188946
189581
189669
189770
189797
189838
189855
189962
190152
190226
190349
190531
190559
190689
190737
190928
191144
191270
191315
191369
191592
191612
191651
191994
192115
192134
192170
192228
192313
192325
192329
192585
192650
192711
192765
192776
192939
192995
193020
193310
193529
193536
193580
193593
193732
193837
193863
193868
194149
194251
194300
194412
194504
194608
194693
194734
194807
195132
195182
195279
195488
195632
195854
195873
195876
196015
196176
196180
196240
196322
196339
196423
196533
196630
196717
197079
197166
197231
197533
197882
197883
197962
197997
198158
198181
198204
198374
198419
198436
198482
198529
198564
198604
198624
198759
198876
198891
199026
199137
199186
199225
199270
199299
199364
199374
199405
199459
199831
199905
199974
200032
200032
200140
200196
200199
200372
200578
200775
200815
200834
200867
200914
200960
201047
201048
201120
201120
201281
201480
201629
201724
201761
202020
202144
202262
202411
202555
202696
202764
202834
203086
203195
203264
203435
203512
203573
203576
203754
203788
203807
204029
204186
204346
204532
204543
205009
205358
205394
205495
205505
205585
205607
205649
205679
205806
205808
205836
206165
206204
206311
206315
206333
206525
206539
206543
206568
206631
206658
206686
206762
206781
206799
207003
207040
207097
207159
207179
207189
207279
207433
207506
207517
207614
207843
208052
208174
208196
208277
208293
208342
208514
208793
208802
208852
208890
208896
208967
209030
209058
209135
209205
209258
209708
209923
209929
210283
210346
210476
210533
210562
210843
210982
211059
211065
211100
211268
211313
211440
211525
211535
211669
212058
212225
212328
212449
212467
212661
212739
212826
212828
212852
212863
213006
213022
213143
213194
213207
213639
213666
213796
213799
213911
214018
214101
214126
214329
214529
214540
214664
214818
214956
215046
215080
215368
215379
215383
215386
215666
215765
215830
215844
215933
216024
216088
216159
216164
216189
216281
216289
216343
216540
216606
216709
216790
216840
216870
216904
217196
217208
217245
217253
217358
217474
217650
217832
217909
217946
218069
218122
218260
218308
218335
218346
218362
218382
218394
218600
218662
218869
219051
219057
219058
219115
219188
219189
219442
219585
219849
219972
220121
220212
220216
220297
220524
220566
220598
220647
220670
220812
220831
220904
221075
221108
221118
221259
221396
221509
221590
221670
221910
222176
222197
222461
222607
223084
223089
223187
223199
223304
223455
223471
223490
223670
223717
223801
223945
223984
224026
224079
224094
224151
224184
224370
224376
224630
224648
224683
224714
224728
224839
224908
225071
225089
225139
225226
225312
225322
225628
225808
225995
226028
226130
226369
226474
226602
226670
226755
226890
226920
227052
227439
227508
227645
227852
227941
227988
228108
228318
228321
228476
228553
228748
228946
229122
229142
229290
229413
229514
229535
229672
229719
229793
229839
229936
230199
230270
230452
230453
230631
230709
230715
230722
230804
231102
231173
231393
231623
231671
231689
231724
231781
231816
231869
231997
232110
232286
232551
232575
232606
232880
232944
233020
233038
233536
233732
233737
233792
233812
233867
233874
233963
234038
234359
234605
234685
234880
234993
235005
235085
235086
235314
235378
235419
235533
235591
235597
235602
235778
236022
236071
236227
236281
236288
236346
236378
236570
236585
236600
236997
237011
237047
237139
237172
237212
237326
237328
237567
237805
237856
237975
238136
238158
238304
238305
238473
238514
239384
239414
239539
239828
239881
239954
240050
240051
240059
240146
240184
240187
240195
240212
240357
240396
240435
240517
240579
240616
240777
240808
240930
240934
241085
241334
241349
241467
241470
241535
241570
241621
241880
241902
242194
242277
242312
242481
242612
242666
242892
243044
243237
243325
243446
243452
243563
243624
243660
243800
243855
243944
243976
244044
244100
244106
244151
244297
244433
244443
244687
244739
244874
244878
244888
245190
245195
245290
245407
245440
245448
245479
245480
245500
245544
245672
245731
245735
245742
245753
245761
245789
245813
245951
245963
246034
246050
246252
246291
246382
246494
246554
246685
246777
247214
247603
247648
247751
247827
248023
248215
248234
248260
248547
248625
248836
248841
248848
248902
248953
248968
249402
249404
249490
249671
249800
249821
250123
250154
250182
250336
250369
250597
250628
250923
250976
251013
251030
251363
251463
251598
251860
251987
252115
252149
252388
252621
252688
252727
252982
253164
253256
253306
253463
253712
253759
253845
253855
253883
253935
253968
254010
254131
254494
254513
254594
254692
254803
255221
255521
255542
255595
255699
255724
255740
255801
255858
255923
255949
256129
256174
256195
256268
256342
256570
256848
256955
257057
257105
257134
257136
257328
257420
257477
257564
257858
258042
258081
258178
258307
258313
258375
258414
258453
258742
258789
258828
259022
259102
259157
259166
259250
259288
259404
259518
259779
260142
260214
260227
260260
260321
260418
260574
260577
260591
260604
260649
260713
260781
260859
260865
260894
260899
261098
261198
261432
261810
261835
261900
261923
261979
261985
262236
262340
262540
262566
263027
263137
263243
263277
263307
263316
263395
263616
263799
263807
263957
264129
264167
264347
264364
264561
264609
264769
264773
265076
265123
265238
265449
265703
265856
265861
265995
266020
266021
266046
266109
266122
266151
266270
266281
266301
266321
266340
266394
266435
266580
266581
266631
266763
266778
266829
266924
266996
267143
267270
267532
267554
267606
267698
267719
267751
268022
268087
268498
268579
268633
268672
268986
269016
269073
269124
269149
269173
269289
269583
269604
269676
269760
269959
270007
270057
270288
270332
270351
270367
270399
270815
270854
270873
271016
271139
271418
271550
271835
271862
271930
272003
272091
272130
272248
272311
272366
272586
272680
272826
272833
272844
272890
272918
272939
272951
273026
273136
273182
273198
273389
273641
273774
273842
273920
273944
273989
274109
274115
274143
274307
274327
274340
274425
274513
274872
274959
275004
275126
275147
275171
275264
275323
275363
275701
275787
275836
275888
276098
276218
276312
276364
276484
276517
276934
277012
277108
277381
277388
277420
277457
277583
277709
277712
277803
277806
277837
277947
278086
278153
278259
278273
278283
278300
278460
278573
278763
278821
278994
279292
279391
279727
279921
279948
279973
280127
280186
280286
280625
280753
280843
280848
280933
280977
281072
281082
281191
281752
281843
281865
281878
281970
282011
282269
282364
282443
282734
282864
282878
282921
283125
283142
283208
283264
283436
283607
283664
283668
283703
283743
284015
284016
284111
284175
284177
284279
284516
284671
284698
284700
284710
284717
284793
284807
284854
284937
285057
285113
285224
285271
285278
285467
285519
285602
285641
285692
286016
286140
286178
286205
286212
286215
286267
286295
286353
286375
286380
286452
286460
286517
286553
286586
286628
286652
286661
286669
286818
286831
286867
286884
287001
287132
287149
287382
287455
287492
287549
287590
287674
287820
288287
288307
288363
288501
288628
288786
288839
288841
288913
289131
289552
289571
289590
289608
289731
290001
290082
290152
290190
290216
290319
290455
290591
290751
290768
291158
291265
291325
291356
291446
291573
291596
291629
291673
291704
291706
291725
291876
291928
291974
292280
292371
292551
292833
292866
293043
293090
293171
293404
293489
293754
293755
293887
294038
294074
294075
294112
294207
294319
294332
294551
294572
294581
294739
294771
294776
294923
294937
294939
294942
294984
295030
295046
295185
295210
295288
295299
295484
295621
295656
295674
295799
295859
295892
295901
295929
296081
296169
296266
296539
296809
296833
296951
297115
297250
297303
297364
297865
297914
298184
298246
298469
298489
298552
298805
298839
298976
299022
299142
299190
299263
299322
299486
299497
299620
299624
299711
299842
300107
300191
300225
300484
300775
300822
301081
301099
301220
301298
301442
301473
301550
301557
301665
301802
302066
302239
302243
302252
302330
302371
302390
302601
302672
302741
302832
303007
303105
303361
303386
303417
303462
303851
303957
304050
304053
304264
304319
304460
304708
304786
304853
305016
305093
305163
305297
305312
305444
305454
305712
305725
305765
305800
305912
306179
306272
306325
306370
306598
306650
306693
306695
307070
307186
307257
307375
307378
307384
307405
307438
307519
307617
307878
308002
308104
308107
308140
308182
308195
308207
308481
308549
308554
308677
308687
308832
308894
308902
309017
309036
309070
309218
309299
309350
309441
309498
309715
309740
309798
309813
310056
310249
310445
310559
310584
310659
310699
311013
311030
311181
311256
311474
311514
311530
311841
312104
312140
312218
312296
312309
312421
312535
312769
313103
313182
313197
313222
313547
313648
313657
313801
313830
314070
314080
314245
314289
314337
314498
314513
314582
314675
314749
314932
315054
315119
315170
315380
315387
315502
315719
315910
315975
316047
316314
316346
316654
316807
316920
316939
317002
317609
317688
317719
317753
317817
317932
317989
318005
318022
318025
318129
318139
318166
318172
318173
318228
318289
318582
318733
319010
319027
319102
319152
319181
319256
319628
319793
319903
319985
319996
320025
320079
320244
320271
320369
320442
320509
320521
320533
320671
320674
320693
320779
320881
321045
321056
321338
321473
321544
321615
321623
321649
321655
321692
321721
321845
321864
321875
322035
322145
322372
322411
322587
322637
322708
322775
322782
322891
323008
323141
323246
323310
323351
323397
323524
323791
323976
324121
324128
324140
324416
324467
324500
324579
324842
325064
325072
325090
325145
325189
325260
325347
325508
325518
325532
325767
326031
326056
326062
326184
326187
326260
326280
326399
326527
326539
326794
326826
326882
326914
327028
327056
327126
327499
327590
327602
327862
327917
328016
328022
328140
328169
328358
328392
328644
328691
328797
328839
328861
328906
328921
328947
329043
329100
329245
329518
329558
329568
329571
329714
329750
330538
330563
330598
331026
331035
331123
331165
331329
331476
331574
331694
331717
331720
331889
331898
332155
332204
332343
332392
332393
332421
332652
332666
332746
332810
333168
333253
333467
333493
333680
333691
333780
333881
333916
333988
333991
334066
334159
334191
334451
334497
334743
334757
334816
334938
335093
335113
335179
335456
335479
335514
335901
336005
336122
336148
336251
336350
336382
336390
336491
336950
337109
337310
337413
337623
337658
337762
337860
338021
338314
338475
338492
338733
338795
338822
338844
338857
338894
339002
339134
339256
339289
339335
339344
339429
339432
339487
339568
339984
340014
340208
340228
340284
340316
340441
340449
340469
340508
340548
340566
340757
340808
340904
340928
340998
341197
341203
341298
341545
341561
341917
341952
342244
342265
342351
342365
342601
342834
342855
342914
342922
343073
343175
343328
343540
343576
343611
343691
343698
343794
343867
343969
344101
344222
344226
344333
344407
344456
344654
344721
344728
344789
344804
344935
344954
345207
345227
345254
345273
345308
345492
345745
345953
346001
346203
346215
346426
346451
346484
346818
346967
347060
347101
347491
347500
347630
347694
347898
347924
347966
348026
348205
348871
349022
349115
349145
349193
349367
349482
349621
350091
350239
350305
350499
350527
350618
350680
350748
350781
350924
351010
351126
351150
351151
351209
351357
351415
351544
351636
351660
351742
351791
351840
351860
351896
351944
351983
352001
352019
352100
352110
352160
352237
352312
352427
352524
352558
352640
352791
352882
352977
353110
353378
353433
353492
353507
353533
353538
353555
353577
353841
353860
353896
353897
354037
354107
354123
354181
354187
354435
354461
354773
354773
354777
354894
355097
355168
355198
355394
355524
355802
355829
355944
355978
355978
356009
356131
356131
356134
356199
356293
356295
356459
356584
356589
356628
356654
356775
356778
356898
356944
357022
357173
357324
357753
357762
357841
357895
357919
357935
357943
358118
358196
358345
358677
358680
358751
358766
358871
359014
359026
359043
359082
359160
359182
359233
359401
359530
360047
360621
360811
361027
361038
361130
361224
361365
361448
361529
361571
361621
361796
361838
361877
361943
361968
362155
362253
362403
362458
362555
362621
362729
362748
362885
362975
363024
363110
363366
363428
363437
363494
363519
363624
363741
363784
363980
364053
364061
364079
364131
364373
364426
364452
364489
364599
364638
364664
364838
364987
365081
365104
365187
365404
365633
365749
365858
365866
365897
365954
366093
366352
366375
366688
366706
366732
366856
366896
366963
366971
366987
367082
367130
367166
367235
367307
367405
367454
367733
367850
368074
368140
368316
368385
368412
368645
368781
368857
369336
369525
369631
369677
369798
369834
370155
370172
370188
370368
370400
370461
370573
370622
370656
370702
370796
370842
370985
371051
371058
371079
371135
371251
371255
371321
371349
371840
371958
372066
372116
372149
372211
372220
372628
372653
372687
372822
372913
373044
373055
373098
373112
373280
373629
373675
373969
374009
374040
374371
374519
374600
374635
374661
374683
374999
375049
375233
375242
375270
375307
375309
375371
375389
375528
375607
375760
375913
375950
376008
376114
376214
376258
376271
376337
376697
376787
376839
376848
376868
377025
377233
377242
377411
377416
377502
377814
377902
378066
378632
378855
378859
378930
379018
379071
379233
379319
379373
379384
379429
379504
379541
379741
379770
379781
379998
380091
380142
380384
380395
380425
380646
380751
380765
381115
381130
381258
381265
381516
381590
381597
381614
381766
381782
381911
382002
382041
382135
382311
382789
382816
382843
383154
383370
383371
383459
383461
383523
383683
383787
383947
384170
384173
384218
384305
384449
384545
384574
384631
384635
384825
384862
384922
384922
384954
385042
385095
385399
385505
385603
385630
385648
385692
385716
385742
385804
385927
385934
386021
386059
386234
386252
386279
386357
386515
386553
386696
386777
386841
386847
386933
386999
387205
387262
387445
387450
387565
387787
387953
388206
388255
388356
388387
388505
388580
388735
388816
388829
388854
389152
389330
389513
389863
389878
389903
389970
390068
390108
390186
390292
390533
390535
390554
390687
390714
390895
390978
390992
390995
391083
391233
391290
391329
391405
391605
391639
391674
391832
391913
391941
392079
392179
392263
392373
392664
392975
393173
393218
393222
393225
393252
393307
393385
393468
393541
393562
393661
393670
393774
393802
393850
393856
393863
393904
394053
394053
394098
394351
394413
394590
394622
394735
394808
394953
394982
395306
395337
395626
395651
395683
395702
395831
395994
396175
396215
396221
396504
396698
396726
396791
396857
396884
397238
397518
397520
397548
397608
397618
397695
397696
397716
397846
397859
397895
397929
398031
398072
398203
398320
398353
398427
398727
398738
398941
399127
399136
399340
399479
399510
399595
399819
399894
399918
400114
400116
400199
400242
400479
400558
400634
400881
400927
400952
400958
401079
401249
401342
401358
401914
401916
402025
402474
402541
402550
402724
402779
402823
402895
402918
403036
403207
403266
403278
403286
403294
403331
403553
403638
403657
403711
403787
403861
403990
404015
404223
404353
404380
404526
404724
404999
405009
405059
405156
405206
405211
405237
405253
405574
405601
405927
405967
405989
406147
406313
406351
406380
406656
406740
407024
407095
407122
407288
407397
407424
407471
407478
407531
407645
407648
407661
407699
407806
407868
407887
408143
408549
408613
408624
408678
408699
408726
408757
408793
408932
409041
409105
409109
409284
409298
409342
409479
409542
409570
409626
409702
409725
409835
409879
409943
410013
410052
410220
410222
410287
410508
410520
410600
410608
410701
410773
411081
411158
411215
411269
411279
411287
411452
411701
411711
411987
412035
412331
412405
412691
412860
412929
412941
412965
413034
413247
413418
413484
413955
414024
414034
414078
414359
414381
414456
414552
414600
414622
414884
415005
415143
415276
415285
415362
415498
415551
415558
415572
415615
415851
415855
415869
416096
416158
416355
416360
416682
416713
416801
416956
416999
417087
417259
417260
417264
417408
417598
417697
417697
418037
418125
418312
418420
418536
418548
418645
418677
418810
418857
418926
419272
419309
419535
419645
419654
419703
419710
419776
419981
420028
420169
420318
420363
420509
420702
420710
420759
420919
420999
421054
421168
421231
421236
421418
422032
422362
422369
422383
422721
422724
422808
422929
422948
423221
423530
423749
423870
423922
423986
424327
424559
424572
424665
424719
424974
425311
425332
425349
425390
425434
425477
425482
425511
425526
425576
425604
425727
425748
425751
425855
426016
426156
426277
426294
426435
426437
426947
426957
426986
426995
427248
427525
427563
428001
428020
428039
428041
428046
428076
428101
428186
428565
428579
428790
429077
429204
429328
429358
429459
429534
429557
429581
429646
429888
429998
430093
430170
430308
430308
430309
430313
430371
430378
430455
430510
430513
430770
430873
430878
430890
430988
431410
431635
431768
431888
431950
432091
432319
432326
432518
432684
432705
432919
433165
433324
433391
433415
433496
433546
433618
433652
433661
433795
433811
434158
434349
434422
434983
435033
435160
435305
435657
435674
435696
435705
436047
436263
436390
436425
436535
436623
436659
436701
437047
437077
437209
437239
437294
437348
437559
437695
437717
437797
437801
437808
437855
437908
437911
437941
438080
438112
438124
438334
438406
438442
438456
438498
438650
438807
439053
439448
439540
440039
440051
440054
440120
440158
440218
440354
440393
440409
440516
440529
440760
440825
440865
440950
441263
441274
441433
441500
441550
441558
441660
441695
441716
441901
441991
442089
442105
442201
442202
442371
442614
442633
442900
442968
442984
443138
443199
443214
443236
443323
443493
443526
443812
443861
444012
444036
444247
444349
444455
444503
444571
444709
444900
444973
445139
445250
445322
445343
445354
445674
445795
445877
445942
446038
446326
446337
446380
446410
446462
446477
446487
446535
446613
446736
446941
447023
447228
447255
447294
447313
447431
447461
447481
447546
447728
447919
448220
448243
448325
448773
448801
448979
449112
449530
449536
449646
449690
449766
449827
449855
449867
449909
450043
450080
450398
450448
450617
450644
450681
450685
451154
451161
451210
451276
451312
451441
451556
451579
451654
451819
451990
452137
452249
452257
452289
452438
452438
452481
452598
452823
452834
452960
452989
453550
453897
454057
454099
454134
454249
454266
454294
454367
454437
454563
454782
454787
454869
454883
454952
455362
455377
455379
455526
455652
455691
455725
455923
455960
455973
456009
456541
456583
456598
456603
456827
456829
456985
457114
457166
457199
457312
457323
457393
457398
457406
457733
457876
457910
457942
458102
458138
458291
458435
458448
458575
458613
458628
458697
458892
459213
459268
459302
459377
459424
459489
459531
459545
459565
459566
459589
459703
459707
459800
459925
459988
460069
460245
460336
460770
460896
460999
461042
461074
461093
461236
461244
461260
461428
461506
461508
461543
461754
461877
461936
462129
462213
462355
462391
462446
462663
463024
463324
463383
463406
463503
463630
463710
463800
463845
463857
463886
463911
463999
464126
464158
464231
464325
464339
464405
464604
464985
464986
465185
465264
465280
465659
465720
465817
466061
466091
466121
466150
466156
466274
466599
466948
466983
466984
467360
467532
467662
467691
467710
468161
468327
468474
468482
468488
468687
469003
469027
469134
469206
469221
469252
469256
469415
469442
469450
469523
469548
469601
469725
469904
470221
470485
470524
470628
470765
470908
471336
471349
471353
471370
471508
471564
471656
471712
471773
471781
471857
471971
472048
472144
472241
472278
472655
472745
472856
473135
473238
473481
473568
473628
473785
473785
473804
473855
473890
473967
474237
474340
474460
474517
474554
474677
474835
474869
475032
475047
475086
475190
475200
475296
475393
475482
475544
475547
475552
475581
475588
475789
475842
475853
475888
475970
476112
476118
476125
476128
476522
476596
476882
477184
477343
477368
477701
477833
477880
477932
478080
478326
478368
478387
478507
478710
478741
478763
479069
479090
479094
479179
479410
479447
479488
479504
479534
479737
479855
480016
480089
480153
480188
480232
480281
480461
480499
480510
480536
480808
481245
481663
481795
482070
482142
482239
482418
482501
482538
483058
483216
483411
483414
483675
483822
484222
484257
484553
484593
484864
484949
484976
485307
485543
485731
485856
485866
485955
486082
486278
486395
486424
486486
486820
486904
486988
487055
487209
487287
487389
487461
487539
487564
487593
487634
487786
487891
488260
488304
488321
488442
488496
488534
488619
488632
488640
488733
488790
488874
488913
489066
489084
489093
489117
489338
489439
489458
489640
489661
489724
489966
490039
490059
490096
490232
490240
490416
490522
490823
490871
491004
491099
491186
491260
491272
491323
491377
491438
491515
491590
491606
491658
491856
491982
492041
492048
492076
492100
492103
492189
492303
492386
492419
492665
492716
492731
492742
493461
493677
494055
494174
494240
494284
494319
494367
494425
494439
494501
494586
494619
494887
494917
495027
495209
495348
495414
495463
495698
495718
495726
495849
495861
495917
495966
496004
496055
496097
496231
496271
496384
496797
496816
497048
497126
497287
497349
497370
497407
497519
497532
497555
497598
497657
497707
497731
497756
497775
497917
497917
497976
498012
498124
498298
498350
498736
498765
499332
499446
499494
499560
499627
499667
499696
500140
500231
500373
500464
500492
500508
500597
500612
500717
500831
500924
500940
500961
501030
501325
501368
501376
501469
501631
501684
501709
501972
502096
502218
502229
502269
502332
502572
502657
502710
502776
502785
502827
502834
502878
502948
503115
503179
503259
503294
503337
503381
503416
503493
503654
503661
503674
503826
503980
504077
504230
504416
504485
504508
504768
504775
504842
504876
504903
504905
504927
504980
504998
505027
505111
505221
505247
505270
505287
505317
505343
505357
505400
505423
505485
505866
506036
506074
506086
506111
506126
506138
506185
506356
506483
506567
506578
506637
506642
506647
506670
506711
506713
506836
506886
507059
507530
507580
507658
507703
507774
507813
507885
507951
508037
508044
508164
508181
508246
508268
508272
508307
508523
508818
508826
508939
509355
509463
509619
509682
509730
509957
510217
510492
510577
510607
510657
510748
510751
510814
510921
511246
511328
511410
511511
511701
511720
511897
512012
512059
512277
512293
512312
512519
512529
512593
512657
512683
512687
512709
512823
512931
512933
512990
513053
513123
513256
513387
513448
513463
513494
513598
513698
513707
513756
513783
513964
513989
514152
514236
514444
514638
514658
514991
515061
515103
515124
515161
515166
515173
515182
515293
515321
515588
515635
515642
516075
516202
516280
516307
516325
516382
516399
516471
516498
516751
516864
516966
517079
517195
517217
517274
517360
517793
518068
518112
518773
518813
518952
519096
519176
519303
519389
519497
519991
520022
520133
520170
520298
520485
520525
520545
520698
520957
520982
520985
521012
521252
521350
521353
521619
521681
521730
521793
521819
521851
521899
521914
521915
522329
522370
522578
522664
522757
522882
523007
523230
523246
523478
523528
523751
523776
523999
524036
524119
524133
524180
524204
524391
524444
524604
524809
524861
524945
525156
525161
525543
525632
525648
525727
525772
525773
525957
526183
526299
526452
526593
526776
526855
526898
526996
527081
527086
527252
527259
527463
527526
527964
528038
528171
528215
528256
528277
528325
528381
528387
528388
528931
529133
529289
529312
529377
529541
529596
529848
529867
530017
530114
530185
530323
530573
530633
530642
530732
530736
530946
531009
531103
531146
531182
531188
531196
531243
531489
531565
531566
531572
531658
532009
532090
532157
532286
532658
532731
532733
532765
532797
532984
533101
533178
533184
533189
533459
533494
533595
533658
533720
533754
533867
533899
533911
533999
534046
534173
534261
534364
534370
534585
534676
534695
534768
534811
534850
535019
535525
535745
535811
535886
536002
536061
536065
536324
536362
536421
536708
536975
537151
537278
537313
537330
537406
537583
537585
537616
537714
537760
538224
538236
538738
538873
538961
539075
539139
539428
539477
539515
539839
539850
539865
540212
540384
540468
540622
540714
540728
540906
540929
540943
541073
541102
541143
541163
541174
541211
541267
541273
541301
541336
541407
541431
541579
541638
541793
541805
541839
541971
541973
542017
542329
542451
542468
542561
542730
542773
542802
542809
542835
542860
542948
543088
543103
543114
543266
543378
543481
543499
543672
543904
543979
543990
544004
544062
544237
544300
544357
544432
544597
544647
544704
544843
544968
545045
545340
545370
545406
545611
545624
545659
546142
546182
546289
546372
546378
546458
546459
546506
546612
546740
546899
546937
546963
547066
547077
547324
547327
547336
547436
547459
547465
547973
548040
548079
548081
548157
548230
548331
548373
548374
548469
549367
549446
549644
549663
549677
549959
550040
550216
550222
550348
550395
550462
550593
550639
550663
550665
550733
550792
550797
551084
551295
551401
551407
551501
551559
551587
551656
551735
551816
551965
551990
552222
552234
552281
552373
552403
552456
552846
553000
553025
553150
553279
553282
553383
553760
553768
553943
553958
553963
554244
554250
554253
554342
554649
554802
554809
555070
555126
555135
555157
555242
555322
555462
555479
555488
555597
555676
555713
556023
556036
556131
556132
556185
556306
556337
556341
556428
556453
556491
556508
556586
556603
556754
556766
557162
557299
557428
557655
557883
557998
558153
558175
558271
558338
558412
558416
558547
558764
558797
558821
559023
559148
559369
559375
559501
559505
559663
559721
559725
559793
559887
559966
559970
560050
560057
560212
560225
560425
560656
560691
560871
560888
561031
561162
561209
561400
561423
561511
561710
561861
561936
562194
562201
562210
562236
562570
562774
562877
563047
563211
563244
563541
563568
563616
563621
563739
563798
563889
563893
564691
564794
564835
565285
565309
565330
565358
565379
565553
565574
565686
565701
565721
566065
566149
566199
566583
566789
566927
567066
567082
567094
567595
567632
567659
567861
567930
568007
568271
568309
568374
568394
568426
568480
568665
568983
569014
569186
569346
569548
569580
569690
569884
569896
569927
569937
570003
570155
570167
570198
570210
570215
570356
570892
570927
570958
571009
571046
571047
571084
571088
571124
571173
571175
571226
571244
571435
571695
571835
571897
571930
572014
572114
572320
572434
572807
572904
572917
573130
573204
573355
573413
573441
573464
573537
573855
574371
574412
574478
574754
574871
574929
574989
575012
575137
575169
575200
575341
575573
575607
575617
575715
575790
575818
576038
576197
576354
576491
576662
577033
577127
577178
577182
577187
577209
577212
577344
577521
577528
577565
577855
578120
578179
578221
578248
578331
578630
578644
578661
578699
578727
578795
578851
578945
578955
579226
579276
579376
579471
579513
579532
579596
579888
579931
580020
580085
580125
580289
580339
580418
580448
580611
580664
580715
580741
580877
580984
581077
581240
581481
581502
581545
581581
581618
581621
581749
582146
582228
582464
582497
582553
582765
582875
582884
582925
582982
583055
583071
583205
583612
583961
584019
584054
584060
584130
584137
584158
584201
584298
584483
584488
584517
584529
584544
584697
584818
584824
584929
585053
585173
585384
585404
585423
585563
585584
585925
586035
586069
586079
586085
586092
586168
586320
586459
586490
586591
586805
586837
586838
586919
587040
587170
587225
587227
587392
587399
587526
587782
587994
588021
588144
588165
588262
588569
588646
588748
588852
588867
588923
588955
589018
589065
589166
589222
589260
589273
589329
589436
589517
589586
589839
589869
589972
590027
590052
590224
590317
590341
590366
590404
590551
590758
590806
590821
590911
590969
591064
591333
591429
591484
591532
591685
591916
592012
592134
592161
592347
592356
592375
592443
592453
592460
592559
592577
592818
592842
592980
593040
593041
593121
593297
593388
593451
593572
593603
593630
593631
593639
593770
593775
593869
594257
594401
594411
594499
594523
594524
594759
594830
594957
595042
595195
595267
595286
595377
595506
595677
595949
596555
596609
596857
597013
597392
597428
597470
597474
597545
597649
597716
597728
597815
597847
597883
597890
597951
598073
598093
598197
598219
598259
598430
598718
598736
598813
598880
598940
599096
599098
599177
599221
599452
599650
599734
599877
600041
600065
600154
600167
600202
600649
600790
600935
601097
601137
601140
601176
601349
601435
601507
601567
601573
601641
601749
601817
601859
601938
601959
602058
602099
602175
602243
602310
602378
602463
602508
602639
602806
602846
603077
603128
603155
603162
603179
603289
603434
603539
603552
603664
603688
603737
603774
603874
604189
604574
604893
604937
605047
605127
605281
605414
605498
605564
605662
605753
605848
605859
605958
606272
606336
606447
606664
606684
606876
606911
607057
607096
607278
607292
607303
607465
607472
607771
607827
607829
608002
608188
608306
608361
608603
608758
608841
608842
608938
608939
609079
609119
609125
609129
609144
609272
609305
609396
609532
609616
609740
610044
610060
610099
610158
610170
610212
610418
610928
610949
611228
611350
611420
611465
611627
611699
611760
611765
611950
611972
612032
612070
612169
612173
612283
612369
612470
612605
612663
612679
612731
612806
613198
613369
613465
613612
613614
613628
613685
613691
613783
613866
614248
614262
614291
614500
614580
614738
614785
614898
614942
614944
614944
615107
615194
615250
615328
615329
615344
615449
615685
616121
616178
616309
616500
616527
616605
616817
616873
616939
616948
617058
617201
617401
617484
617495
617557
617656
617808
617906
618048
618168
618274
618294
618376
618449
618481
618559
618729
618756
618810
618868
618889
619046
619218
619232
619438
619441
619581
619585
619599
619639
619650
619874
619895
620012
620156
620198
620279
620499
620588
620615
620653
620794
620818
620879
621249
621298
621314
621323
621393
621427
621461
621670
621781
621821
621856
621879
621970
621974
622151
622237
622364
622492
622583
622710
622758
622822
622921
623037
623043
623071
623166
623391
623471
623512
623737
623797
623798
623824
623833
623962
623983
624266
624524
624574
624628
624710
624744
624872
624984
625018
625033
625083
625239
625317
625480
625482
625618
625665
625676
625722
625838
625880
625983
626015
626026
626034
626037
626102
626274
626331
626396
626462
626667
626777
626912
626985
627010
627045
627277
627307
627735
627767
627935
627947
628112
628164
628198
628290
628470
628476
628510
628559
628661
629003
629164
629176
629268
629393
629393
629417
629420
629698
629805
629867
629939
630173
630230
630393
630787
630854
631043
631105
631155
631244
631272
631282
631325
631348
631499
631519
631608
631849
631883
631955
631977
632181
632192
632258
632314
632319
632436
632488
632571
632583
632763
632778
632880
632887
633001
633164
633238
633293
633337
633468
633554
633585
633843
633882
634304
634346
634381
634417
634916
635240
635328
635527
635574
635621
635682
635843
636017
636238
636277
636358
636393
636401
636484
636658
636692
636699
636711
637055
637187
637283
637417
637421
637461
637776
638062
638076
638159
638159
638195
638231
638269
638320
638325
638371
638623
638637
639010
639013
639354
639358
639555
639672
639782
639879
639924
639956
639992
640014
640506
640521
640559
640619
640803
640937
641009
641156
641243
641244
641394
641409
641463
641477
641781
641914
642120
642382
642524
642627
642680
642795
642914
642952
643110
643211
643323
643360
643399
643539
643730
643829
643835
643840
644063
644202
644207
644445
644751
644784
644885
645044
645056
645092
645176
645244
645411
645427
645511
645528
645774
645808
645943
646116
646165
646198
646289
646421
646495
646554
646573
646766
646832
646837
646942
646982
647093
647187
647424
647473
647528
647615
647655
647751
647898
648131
648139
648184
648240
648322
648458
648680
648840
648869
648901
649086
649112
649122
649156
649202
649211
649304
649347
649465
649534
649630
649706
650135
650399
650562
650752
650867
650897
650935
650979
650992
651104
651329
651484
651579
651648
651761
651823
651905
652207
652224
652353
652387
652506
652510
652516
652670
652781
652870
652996
653294
653365
653483
653515
653566
653611
653676
653678
653755
653773
653855
653955
654027
654086
654283
654443
654498
654530
654655
654850
654883
654963
655168
655262
655265
655488
655525
655876
656187
656223
656259
656296
656367
656371
656393
656546
656736
656790
656886
657051
657090
657106
657278
657588
657688
657769
657769
658056
658089
658105
658277
658326
658551
658656
658782
658831
659030
659091
659272
659300
659315
659360
659373
659390
659442
659450
659538
659608
659676
659692
659763
659800
659882
660015
660232
660321
660380
660550
660621
660685
660701
660812
660975
660998
661074
661129
661153
661216
661466
661472
661690
661809
661833
661856
661959
662025
662079
662089
662119
662128
662172
662196
662206
662251
662279
662454
662513
662624
662728
662865
662912
662940
662951
662989
663214
663288
663369
663509
663544
663715
663863
663877
663973
663974
664008
664097
664133
664289
664425
664592
664672
664672
664877
664933
664976
664995
665097
665211
665386
665413
665739
665819
665880
665946
665948
665980
665989
666040
666064
666119
666248
666522
666601
666838
666844
666855
667008
667175
667388
667524
667696
667699
667724
667747
667785
667798
667936
668120
668156
668162
668190
668267
668294
668389
668473
668702
668788
668834
668840
668990
669334
669484
669489
669505
669514
669549
669915
670100
670271
670303
670383
670612
670685
670715
670851
670885
670926
671238
671365
671729
671820
671878
672020
672207
672251
672304
672781
672926
673243
673507
673550
673708
674001
674006
674150
674197
674239
674378
674497
674691
674838
675014
675060
675241
675318
675350
675509
675612
675629
675666
675705
675856
675863
675904
675942
675963
675978
676022
676073
676081
676158
676215
676244
676304
676307
676467
676642
676721
676723
676734
676768
676803
676918
676951
676959
677295
677325
677351
677359
677425
677430
677522
677647
677682
677807
678106
678336
678703
678708
679122
679200
679518
679551
679561
679698
679707
679760
679917
680039
680058
680307
680583
680672
680815
681526
681593
681734
681759
681768
681846
681867
681919
682120
682255
682258
682276
682370
682426
682434
682451
682522
682687
682806
683004
683066
683166
683268
683403
683515
683688
683741
683782
683894
684000
684037
684192
684309
684339
684366
684388
684408
684680
684712
684881
684922
685195
685279
685338
685338
685349
685375
685429
685530
685678
686001
686017
686323
686400
686413
686485
686610
686614
686660
687149
687786
687969
688159
688361
688424
688487
688539
688644
688656
688671
688700
688868
689027
689165
689209
689247
689456
689669
689915
689979
690024
690117
690125
690309
690471
690478
690482
690519
690578
690795
690815
690825
690957
691007
691231
691275
691279
691393
691445
691622
691868
691934
692041
692087
692144
692206
692264
692565
692571
692576
692624
692628
692706
692753
692924
692965
693036
693044
693285
693325
693328
693377
693395
693409
693473
693562
693660
693717
693838
693838
693913
694003
694040
694196
694266
694286
694311
694402
694423
694481
694584
694710
694713
694810
694815
695086
695190
695231
695252
695269
695467
695628
695636
695848
695850
695862
695984
696024
696055
696100
696141
696233
696256
696571
696609
696624
696639
696921
696976
697179
697300
697322
697612
697855
697862
697888
697912
698106
698555
698586
698641
698914
698957
699018
699069
699088
699126
699342
699435
699477
699512
699524
699630
699779
699805
699827
700013
700073
700093
700205
700224
700378
700664
700776
700786
700796
700849
700862
700866
700982
701050
701080
701081
701407
701538
701555
701860
701921
702004
702096
702267
702321
702342
702421
702472
702796
702855
703141
703187
703197
703201
703236
703347
703348
703376
703554
703586
703617
703657
703752
703929
704132
704195
704218
704493
704538
704721
704842
704876
704973
705036
705229
705348
705398
705487
705664
705820
705884
705885
705955
705979
705998
706015
706201
706223
706337
706610
706912
706941
707144
707153
707261
707353
707518
707540
707672
707776
707924
708050
708067
708070
708154
708210
708301
708324
708409
708562
708691
708728
708988
709118
709156
709171
709265
709325
709358
709421
709496
709517
709744
709770
709856
710089
710105
710111
710161
710294
710380
710492
710524
710646
710729
710828
710835
710859
710861
711157
711241
711253
711409
711506
711679
711781
711839
711944
712029
712053
712247
712388
712402
712432
712460
712487
712826
712846
713022
713421
713448
713544
713746
714047
714076
714128
714175
714333
714373
714407
714740
714920
714981
715069
715263
715337
715341
715605
715712
715807
716016
716126
716327
716333
716340
716681
716693
716738
716766
716796
716853
717097
717134
717200
717585
717588
717791
717958
717983
718015
718058
718084
718311
718429
718508
718510
718621
718804
718820
719031
719201
719220
719253
719259
719343
719551
719559
719564
719652
719920
719929
720337
720429
720624
720926
721197
721226
721301
721616
721690
722027
722079
722175
722201
722233
722288
722708
722712
722928
723002
723094
723192
723361
723371
723394
723511
723936
723985
724176
724192
724264
724434
724715
724744
724751
724769
724964
724972
725147
725318
725505
725550
725577
725729
725815
726054
726160
726209
726221
726261
726296
726313
726485
726489
726559
726587
726773
726808
726844
726853
726889
727003
727251
727436
727716
727791
727921
727942
727949
728018
728082
728170
728428
728541
728574
728734
728775
728828
729179
729444
729587
729671
729696
729710
729753
729767
729859
729904
729913
730181
730692
730847
730905
730958
731066
731085
731144
731186
731237
731300
731322
731480
731603
731753
731760
731849
731875
731969
732029
732254
732308
732350
732546
732833
733166
733364
733477
733521
733600
733645
733699
733816
733989
733990
734077
734179
734284
734294
734359
734506
734595
734610
734776
735048
735102
735108
735150
735171
735222
735492
735497
735561
735589
735660
736045
736156
736317
736577
736829
736859
737054
737156
737179
737297
737477
737605
737853
737893
737923
737959
738053
738081
738151
738364
738409
738464
738498
738526
738527
738547
738569
738616
738665
738746
738841
739246
739374
739401
739461
739797
739930
740119
740130
740258
740428
740433
740455
740459
740562
740654
740697
740729
740735
740811
741104
741119
741558
741582
741635
741701
741826
741846
741987
742154
742268
742274
742338
742731
742967
742973
742993
743058
743280
743332
743679
743844
743990
744029
744080
744150
744168
744323
744432
744648
744761
744981
745055
745126
745154
745329
745791
745797
745834
745851
745889
745899
746133
746145
746193
746330
746381
746386
747014
747017
747017
747046
747155
747157
747262
747277
747312
747434
747665
747724
747770
747781
747949
748250
748883
748888
749084
749111
749195
749241
749380
749607
749611
749626
749656
749744
749779
749796
749866
749959
750036
750109
750353
750413
750442
750603
750651
750742
750779
750812
750865
751132
751217
751272
751279
751345
751573
751627
751759
751800
752003
752045
752114
752161
752262
752329
752551
752656
752659
752677
752703
752854
753226
753267
753726
753780
753796
753927
754124
754211
754400
754804
754810
754912
754972
755047
755054
755058
755088
755178
755406
755419
755430
755440
755740
755791
755801
755833
755901
755918
755990
756193
756273
756324
756348
756407
756498
756798
756857
756917
756930
756990
756996
757348
757360
757586
757714
757775
757826
757835
757894
757955
757957
758025
758029
758263
758278
758380
758424
758665
758701
758728
758734
758949
758956
759077
759122
759230
759275
759298
759425
759478
759499
759500
759610
759723
759739
759814
759986
760063
760079
760302
760362
760443
760701
760988
761061
761072
761307
761323
761399
761477
761488
761490
761554
761598
761670
761690
761958
762032
762035
762125
762128
762135
762296
762458
762596
762774
763085
763154
763206
763225
763285
763329
763332
763384
764073
764301
764326
764411
764437
764533
764688
764761
764834
765016
765035
765183
765334
765437
765793
765828
765993
766107
766217
766248
766281
766365
766497
766628
766705
766715
766725
766831
766832
766865
766875
766908
766942
767587
767969
767975
768094
768156
768157
768318
768363
768404
768606
768621
768940
769284
769389
769425
769463
769697
769832
769887
769939
769970
770305
770408
770816
770819
770905
770972
771049
771080
771156
771217
771229
771250
771302
771488
771505
771566
771942
772107
772186
772282
772304
772369
772582
772645
773188
773424
773497
773637
773752
773946
774018
774086
774293
774333
774459
774468
774471
774569
775366
775422
775429
775507
775522
775696
776162
776193
776451
776528
776576
776588
776657
776760
776773
776798
776881
777321
777532
777564
777766
778143
778330
778441
778595
778638
778700
778999
779071
779131
779240
779405
779467
779491
779505
779537
779591
779591
779605
779680
780017
780077
780117
780268
780293
780299
780410
780783
781101
781130
781363
781488
781689
781703
781884
781940
781953
782191
782199
782315
782554
782639
782992
783034
783053
783058
783101
783193
783306
783451
783694
783724
784099
784117
784296
784305
784466
784554
784576
784673
784701
784733
784771
784852
784883
784936
784979
785159
785177
785248
785269
785404
785512
785593
785661
785776
785905
785943
785997
786308
786320
786479
786533
786562
786566
786649
786697
786798
786899
786916
787065
787149
787206
787429
787853
787929
787932
787963
788179
788263
788269
788295
788314
788387
788403
788446
788489
788909
788970
789239
789388
789477
789527
789565
789683
789767
790089
790104
790240
790297
790297
790331
790339
790389
790496
790604
790757
790929
790964
791144
791149
791213
791308
791313
791549
791641
791725
791760
792064
792080
792124
792138
792143
792265
792289
792319
792399
792493
792614
792627
792691
792802
792872
793036
793131
793546
793750
794099
794104
794326
794405
794552
794833
794841
794894
794938
795031
795082
795144
795246
795344
795457
795568
795599
795873
795885
795980
796044
796050
796146
796229
796259
796363
796406
796421
796515
796581
796628
796729
796751
796752
796788
796791
796859
796868
796903
797069
797222
797329
797440
797487
797604
797660
797665
797703
797715
797811
797940
798008
798713
798890
799134
799160
799166
799180
799271
799324
799328
799379
799499
799517
799788
799791
799875
799878
799968
800088
800099
800308
800557
800794
800950
800998
801063
801075
801145
801240
801259
801289
801340
801394
801504
801520
801579
801617
801747
802105
802117
802196
802448
802724
802859
803067
803324
803332
803411
803440
803481
803525
803540
803645
803696
803702
803841
803864
803871
803931
804188
804509
804564
804595
804665
804991
805019
805070
805230
805384
805587
805667
805693
805735
805751
805810
806055
806127
806128
806209
806249
806421
806507
806558
806689
807094
807136
807229
807358
807387
807396
807405
807588
807884
808094
808228
808409
808586
808720
808739
808792
808948
808955
809004
809139
809208
809325
809437
809554
809555
809647
809821
809874
809914
809914
810072
810167
810281
810366
810524
810534
810544
810545
810583
810732
810744
810759
810910
810990
811063
811118
811289
811307
811543
811578
811628
811837
811837
811858
811913
812000
812094
812109
812158
812223
812489
812525
812586
812606
812664
812673
812732
812926
812976
813246
813257
813354
813455
813534
813564
813568
813584
813653
813676
813700
813855
813887
814043
814044
814213
814372
814626
814822
814847
814957
815020
815055
815075
815263
815577
815639
815742
815834
816202
816222
816232
816276
816308
816318
816340
816341
816414
816469
816677
816792
816828
816869
817075
817109
817355
817515
817600
817602
817755
817767
818010
818103
818344
818382
818552
818709
818755
818834
818905
818975
818979
819050
819131
819336
819399
819497
819601
819728
819799
819825
819888
820007
820016
820123
820140
820143
820210
820220
820292
820323
820581
820710
820775
820791
820851
820879
821032
821176
821254
821310
821362
821656
821706
821733
821797
821808
821825
821858
821878
821931
821934
821996
822183
822210
822313
822390
822439
822496
822499
822501
822806
822956
822963
823296
823320
823432
823536
823572
823735
823768
823868
823876
823960
823986
824059
824167
824202
824279
824279
824329
824336
824382
824472
824517
824523
824523
824729
824753
824762
824776
824919
825041
825394
825400
825422
825443
825456
825643
825651
825665
825709
825733
825845
825882
825968
826149
826201
826868
827005
827042
827342
827492
827695
827867
827981
827996
828018
828046
828131
828201
828231
828274
828275
828394
828583
828630
828726
828773
828916
828965
828970
829011
829124
829268
829328
829936
829953
829961
830031
830083
830119
830179
830283
830296
830399
830438
830700
830714
830716
830825
830856
830886
831075
831098
831207
831237
831412
831460
831733
832070
832482
832791
832794
832867
832912
832942
833016
833049
833086
833134
833155
833157
833162
833295
833392
833521
833526
833783
833811
833902
833987
834007
834084
834278
834363
834369
834396
834429
834441
834478
834702
834788
834796
834809
834836
835820
835840
835944
836129
836148
836190
836332
836344
836377
836398
836515
836586
837043
837108
837932
838119
838261
838294
838593
838772
838978
839077
839172
839317
839426
839550
839660
839696
839899
839923
839980
840018
840136
840389
840476
840653
840975
841259
841270
841280
841363
841498
841530
841542
841670
841745
841803
841862
842064
842097
842155
842492
842531
842573
842581
842727
842781
842893
843025
843102
843299
843378
843938
844026
844333
844460
844559
844593
844964
845142
845179
845179
845300
845441
845559
845732
845740
845889
845899
845953
845954
846142
846300
846400
846411
846573
846716
846726
846767
846927
847011
847295
847301
847491
847540
847570
847611
847773
847862
848239
848301
848520
848634
848649
848705
848737
848914
848957
849008
849104
849508
849636
849701
850156
850160
850228
850452
850641
850650
850697
850799
851114
851141
851257
851498
851654
851722
851723
851735
851848
851904
852030
852252
852502
852521
852734
852958
852980
853010
853056
853127
853257
853425
853490
853506
853532
853594
853680
853699
853710
853896
853989
854128
854238
854320
854328
854354
854439
854606
854641
854745
854785
854793
854827
854881
854895
855027
855188
855309
855433
855632
855656
855741
855747
855787
855864
855924
855939
855940
855967
855983
856091
856131
856151
856191
856193
856206
856264
856397
856533
856798
857030
857076
857099
857198
857258
857403
857701
857790
858002
858107
858158
858225
858343
858648
858663
858765
858814
858898
858899
858945
859088
859101
859102
859194
859366
859574
859592
859683
859904
860012
860060
860077
860208
860421
860506
860541
860564
860621
860778
860917
861064
861188
861579
861583
861718
861837
862466
862477
862486
862801
862946
862971
863076
863173
863246
863488
863554
863625
863773
863809
863947
863953
864043
864171
864172
864268
864362
864404
864676
864690
864878
864911
864924
864930
864950
865147
865188
865348
865454
865542
865597
865661
865686
865892
865965
865977
865999
866137
866340
866414
866556
866565
866595
866603
866727
866838
866968
867006
867048
867062
867108
867262
867264
867368
867379
867485
867562
867571
867620
868007
868017
868047
868134
868434
868481
868639
868867
868879
868980
869057
869086
869111
869285
869384
869576
869593
869690
869837
869869
869972
869972
870536
870651
870710
870754
870812
870952
870963
871045
871139
871156
871198
871596
871660
871881
871929
872048
872055
872069
872155
872296
872459
872483
872543
872684
872972
872972
873146
873365
873366
873401
873572
873579
873696
873774
873779
873802
873808
873818
873896
873933
874144
874158
874258
874265
874292
874298
874335
874364
874393
874508
874838
874870
874871
875039
875509
875579
875584
875611
875626
875638
875652
875696
875901
875921
876058
876133
876145
876299
876482
876555
876706
876716
876940
876983
877037
877175
877178
877438
877442
877463
877542
877589
877605
877792
877812
877816
877847
878081
878222
878276
878286
878289
878615
878863
878913
879019
879370
879527
879536
879650
879728
880022
880334
880472
880501
880671
880733
880736
880760
880796
880851
880905
880911
881024
881196
881358
881428
881520
881599
881671
881977
881999
882290
882350
882428
882490
882553
882655
882733
882829
882861
882920
883107
883110
883287
883958
884222
884343
884435
884491
884540
884570
884588
884626
884651
884856
885099
885165
885789
885798
885809
885926
885940
886093
886278
886542
886578
886727
886742
886774
887046
887102
887249
887446
887468
887496
887635
887663
887785
887790
887805
887808
887820
888163
888253
888422
888528
888684
888791
888842
888938
888981
889149
889218
889299
889615
889659
889702
889772
889775
889803
889893
889911
889916
889925
889929
890135
890139
890442
890455
890652
890660
890706
890732
890758
890836
890854
890861
891242
891262
891302
891318
891349
891370
891379
891399
891580
891676
891801
891921
891947
892157
892210
892278
892316
892394
892515
892951
892992
893134
893164
893172
893321
893362
893372
893388
893484
893618
893661
893705
893841
893895
894270
894275
894319
894650
894998
895531
895616
895676
895770
895822
895883
895981
895988
896261
896312
896341
896564
896674
896811
896970
897075
897141
897254
897274
897298
897334
897425
897479
897602
897608
897616
897625
897670
897767
897931
898110
898405
898453
898636
898851
899083
899273
899322
899351
899372
899511
899521
899597
899668
899730
899781
899851
899982
900029
900192
900218
900248
900300
900400
900835
900951
901055
901252
901465
901597
901661
901887
901945
901959
902017
902023
902179
902285
902478
902550
902579
902660
902713
902889
902896
902957
903059
903101
903101
903280
903347
903435
903604
903671
903889
904015
904041
904300
904302
904327
904362
904417
904442
904519
905195
905235
905310
905368
905380
905528
905634
905647
905747
905994
906007
906026
906111
906386
906399
906419
906516
906658
906774
906781
906792
906838
906955
907284
907363
907663
907860
907902
907986
908097
908346
908535
908583
908594
908768
908786
908836
908847
909101
909170
909256
909664
909701
909752
909939
910142
910199
910203
910344
910392
910477
910493
910797
910832
910844
910911
910983
911018
911079
911113
911209
911224
911380
911417
911473
911517
911529
911554
911593
911610
911930
912026
912069
912135
912148
912205
912232
912624
912627
912662
912713
912790
912837
912891
912913
912958
912973
913153
913276
913291
913303
913342
913420
913459
913488
913513
913538
913563
913956
913956
914018
914019
914166
914173
914217
914257
914259
914262
914369
914396
914498
914752
914759
914945
915085
915136
915245
915452
915757
915781
915964
916185
916193
916260
916309
916316
916323
916457
916570
916577
916590
916598
916601
916657
916673
916677
917059
917089
917109
917260
917279
917286
917304
917306
917362
917362
917396
917510
917737
917758
917988
917993
918003
918108
918126
918198
918376
918473
918646
918909
919090
919109
919148
919280
919294
919319
919516
919773
919811
920026
920128
920481
920659
920672
920719
920907
920913
921158
921217
921411
921485
921649
921668
921677
921729
921798
921990
922037
922057
922121
922280
922294
922441
922498
922587
922589
922660
922746
922837
923144
923166
923347
923355
923363
923525
923958
923977
924151
924691
924924
925087
925294
925446
925542
925555
925565
925570
925894
925904
926060
926186
926195
926296
926379
926777
926797
926811
926876
927060
927129
927198
927229
927244
927332
927500
927503
927517
927714
927719
927808
927856
928007
928089
928134
928213
928213
928263
928442
928468
928628
928637
928773
929034
929075
929161
929313
929360
929419
929443
929542
929629
929864
929977
930091
930225
930314
930521
930544
930583
930804
930829
930884
930911
930943
931044
931139
931327
931366
931464
931533
931573
931613
931687
931787
931822
931930
932000
932091
932191
932253
932307
932352
932422
932474
932639
932678
932734
932774
933102
933274
933332
933357
933495
933532
933536
933549
933888
933907
933928
934012
934241
934326
935245
935372
935373
935508
935585
935636
935703
936375
936387
936414
936452
936461
936590
936656
936672
936793
936915
936944
936944
936966
937127
937214
937258
937565
937632
937681
937819
937884
937925
937961
938087
938155
938240
938372
938417
938677
938699
938982
939222
939232
939651
939663
939674
939755
939855
939903
939930
939984
940183
940274
940337
940387
940503
940734
940901
940982
940997
941135
941149
941340
941458
941464
941552
941565
941638
941770
941813
941869
941917
941986
942000
942000
942129
942407
942596
942628
942736
942836
943041
943096
943109
943173
943401
943436
943459
943519
943567
943583
943816
943858
943891
944207
944219
944267
944300
944445
944451
944452
944490
944556
944866
944960
945010
945091
945105
945401
945505
945594
945656
945685
945949
945972
946280
946381
946567
946885
947018
947025
947049
947069
947108
947241
947344
947610
947619
948020
948351
948388
948429
948476
948509
948619
948772
948812
949070
949118
949147
949396
949398
949716
949722
949909
949971
950047
950062
950127
950486
950541
950576
950599
950707
950784
950961
950963
951005
951161
951194
951267
951280
951355
951420
951528
951823
952188
952257
952527
952528
952806
953012
953080
953135
953177
953454
953595
953619
953742
953794
953826
953844
953993
954043
954105
954113
954233
954271
954277
954455
954656
954688
954756
954789
954817
954943
955010
955057
955157
955237
955351
955685
955762
955822
955849
956116
956126
956201
956297
956330
956443
956484
956730
956874
957034
957041
957049
957110
957136
957286
957300
957329
957330
957555
957629
957701
957816
957916
957927
957988
958259
958265
958435
958584
958642
958743
958813
958873
958933
959039
959060
959191
959230
959322
959403
959553
959636
959822
959845
959858
959942
960104
960130
960131
960215
960351
960402
960535
960675
960700
960747
960811
961010
961163
961255
961491
961729
961825
961853
962070
962129
962368
962544
962618
962825
962851
963000
963111
963208
963238
963298
963350
963382
963426
963637
963655
963667
963676
963809
963915
963933
963968
964056
964091
964129
964220
964370
964558
964577
964596
964910
964984
965066
965151
965375
965380
965417
965445
965494
965508
965511
965674
965677
965747
965979
966040
966078
966303
966407
966460
966474
966641
966758
966875
966897
967002
967069
967089
967141
967145
967156
967225
967662
967672
967685
967774
967788
967838
967910
968194
968400
968452
968596
968684
968729
968842
968846
968861
969320
969344
969441
969607
969648
969702
969702
969896
970217
970226
970488
970501
970564
970599
970662
970731
970810
971124
971313
971317
971333
971388
971462
971469
971789
971858
971877
971910
971987
972136
972197
972285
972317
972328
972503
972536
972554
972574
972769
972795
972924
973100
973120
973123
973523
973618
973632
973689
973815
973905
974038
974042
974126
974163
974459
974497
974529
974700
974706
974799
974973
975029
975142
975156
975443
975513
975695
975748
975827
975877
975933
975974
976100
976136
976348
976386
976505
976506
976546
976559
976640
976784
976797
976800
976934
976954
977472
977656
977681
977724
977856
977898
977959
977975
978026
978677
979051
979066
979071
979110
979111
979477
979668
979818
979966
980107
980153
980208
980239
980270
980308
980309
980497
980521
980622
980931
980996
981015
981021
981051
981339
981432
981441
981605
981730
981768
981776
981812
981869
981884
982044
982086
982116
982228
982278
982518
982519
982545
982812
982982
983274
983512
983515
983523
983567
983658
983763
983843
984045
984076
984114
984185
984431
984619
984652
984694
984703
984707
984716
984876
984891
985100
985250
985253
985255
985331
985357
985438
985510
985517
985558
985615
985901
985939
985993
986000
986576
986591
986607
986633
987241
987246
987273
987289
987323
987358
987596
987604
987626
987762
987903
988036
988065
988093
988138
988322
988448
988555
988579
988590
988617
988652
988671
988713
988760
988859
988947
989052
989089
989218
989298
989431
989785
989797
989834
989894
989943
989990
990068
990231
990268
990286
990293
990373
990412
990449
990479
990551
990582
990720
990973
990990
991021
991077
991109
991122
991190
991218
991330
991434
991495
991589
991992
992322
992350
992374
992683
992764
992793
992899
992942
993103
993176
993275
993305
993405
993493
993501
993654
993710
993832
994155
994210
994230
994241
994318
994341
994639
994642
995017
995026
995170
995237
995259
995363
995380
995433
995530
995647
995751
995928
996027
996035
996098
996234
996319
996341
996485
996499
996506
996567
996622
996636
996688
996953
997088
997106
997162
997195
997277
997332
997367
997416
997486
997550
997609
997621
997783
997785
997934
997938
998034
998037
998039
998168
998175
998391
998536
998548
998548
998590
998670
998689
998699
998706
998865
998896
999236
999352
999368
999436
999452
999462
999495
999541
999575
999650
999863
999927
